Type	ID	Name	MmBrain-A	MmBrain-B	MmHeart-A	MmHeart-B	MmKidney-A	MmKidney-B	MmLiver-A	MmLiver-B	MmLung-A	MmLung-B	MmThymus-A	MmThymus-B	MmEye-A	MmEye-B	MmSpinalCord-A	MmSpinalCord-B	MmE7-A	MmE7-B	MmE11-A	MmE11-B	MmE15-A	MmE15-B	MmE17-A	MmE17-B	mESC-A	mESC-B	mESCD1-A	mESCD1-B	mESCD3-A	mESCD3-B	mESCD6-A	mESCD6-B	HsBrain-A	HsBrain-B	HsHeart-A	HsHeart-B	HsKidney-A	HsKidney-B	HsLiver-A	HsLiver-B	HsLung-A	HsLung-B	HsThymus-A	HsThymus-B	HsCervix-A	HsCervix-B	HsOvary-A	HsOvary-B	HsPlacenta-A	HsPlacenta-B	HsProstate-A	HsProstate-B	HsTestis-A	HsTestis-B	NT2-A	NT2-B	NT2D1-A	NT2D1-B	NT2D3-A	NT2D3-B	WI38-A	WI38-B	MCF10A-A	MCF10A-B	MCF7-A	MCF7-B	MDA-MB-231-A	MDA-MB-231-B	BT474-A	BT474-B	OVCAR3-A	OVCAR3-B	4T1A	4T1B	LNCaP-A	LNCaP-B	PC3-A	PC3-B	LuCAP-A	LuCAP-B	U251MG-A	U251MG-B	C33A-A	C33A-B	H522-A	H522-B	U2OS-A	U2OS-B	MRC5-A	MRC5-B	H1299-A	H1299-B	A549-A	A549-B	Huh7-A	Huh7-B
Positive	POS_A	ERCC_00117.1	28214	26617	23185	25177	21849	24190	28527	27651	26086	27051	26878	26720	32856	23489	31266	21810	28448	21892	35072	30087	30544	27450	28678	30599	34790	21682	37331	27122	36118	33136	32294	29232	27941	35030	33117	33668	31221	31687	27123	34853	28115	33336	37474	30890	31828	33953	31298	31608	35466	33376	37898	37517	36693	30274	31428	28291	31114	32937	34964	33870	39669	35586	43228	41423	39182	36678	34306	39989	45182	44738	39465	35999	43507	40078	37263	46300	35673	36879	41454	42535	40044	39890	46430	41801	40017	35955	37673	35031	42588	39529	45498	29637	49857	44055	39967	50745
Positive	POS_B	ERCC_00112.1	9696	9498	8188	8963	8053	8643	10123	10012	9481	9494	9910	9965	11511	8605	11502	7633	10232	7908	12328	11431	11142	10128	10798	11737	11116	7067	12375	8424	12053	11032	10122	9576	9489	11418	11013	11147	10278	10843	9360	11669	9350	11111	12116	10519	10946	11527	10803	10974	11393	11361	12803	11954	12301	10214	10455	9623	10094	10817	11313	10963	12178	11408	13734	13090	12278	11778	10496	12652	14434	13776	12400	11495	13300	12455	11571	13941	10891	11584	12658	13188	12278	11912	14242	12886	11916	11351	11790	10577	13660	12572	13885	9185	13362	13762	12342	15345
Positive	POS_C	ERCC_00002.1	2763	2854	2452	2562	2336	2612	3020	2895	2863	2749	2885	2862	3383	2464	3284	2340	2920	2407	3701	3306	3275	2973	3047	3344	3287	2035	3449	2277	3321	3097	2895	2789	2610	3429	3133	3204	2950	3068	2664	3242	2691	3147	3482	2905	3158	3368	3022	3038	3271	3219	3729	3551	3418	2899	3071	2713	2896	3272	3136	3243	3438	3140	3723	3472	3416	3293	2915	3527	3842	3785	3458	3136	3687	3568	3148	3912	3105	3178	3461	3563	3428	3295	3913	3504	3365	3047	3324	2897	3683	3453	3899	2623	4036	3706	3421	4182
Positive	POS_D	ERCC_00092.1	778	726	663	695	639	726	784	772	779	739	747	737	949	642	894	639	788	601	977	882	908	788	875	905	910	545	921	650	873	868	812	778	716	912	825	894	807	783	700	876	723	830	934	811	855	937	822	821	888	854	1007	953	918	831	814	764	802	815	919	911	916	833	1035	1051	956	911	837	935	1103	1053	924	841	1030	920	857	1137	851	865	929	981	903	924	1140	976	1038	859	930	830	1041	938	1067	688	1153	1023	918	1177
Positive	POS_E	ERCC_00035.1	126	124	95	113	91	112	92	140	103	129	119	120	143	101	139	99	130	86	155	132	111	123	132	150	162	109	150	127	161	157	126	134	143	147	145	154	125	127	140	151	109	140	208	139	149	151	174	143	167	135	159	149	194	135	154	130	148	161	163	150	190	144	195	164	188	163	148	183	197	206	170	171	185	170	167	211	137	161	158	175	169	176	184	199	156	151	169	164	210	203	227	142	193	206	194	213
Positive	POS_F	ERCC_00034.1	66	53	53	51	45	41	63	72	58	66	59	62	73	45	66	62	56	39	64	81	61	54	58	62	58	51	59	60	72	72	67	53	56	67	54	61	65	64	49	70	57	67	75	76	81	62	56	55	61	64	69	83	57	55	70	62	61	61	67	69	75	70	86	72	79	78	68	74	64	98	73	71	57	68	63	93	61	62	71	93	74	73	74	72	72	83	65	55	66	76	86	63	98	81	72	89
Negative	NEG_A	ERCC_00096.1	12	12	7	11	8	12	14	6	10	14	14	19	21	17	20	8	12	13	10	15	21	12	8	23	10	8	12	15	14	22	10	16	20	19	22	9	15	25	18	24	14	13	24	18	17	15	18	16	23	12	16	19	14	16	44	38	29	41	36	22	23	18	16	16	25	19	14	17	27	15	16	28	13	21	17	25	17	20	13	24	19	17	13	16	18	14	21	23	28	25	22	28	29	19	22	23
Negative	NEG_B	ERCC_00041.1	10	7	8	17	8	7	10	12	14	13	11	8	8	7	11	10	7	9	12	12	14	15	12	13	8	8	13	5	11	9	8	10	10	9	8	13	9	11	8	10	5	7	14	3	6	12	12	9	4	5	13	5	10	6	7	6	13	8	13	13	9	8	12	6	9	12	8	7	13	13	15	8	9	11	5	7	12	11	10	12	14	12	13	7	13	8	3	5	14	7	12	7	11	9	7	9
Negative	NEG_C	ERCC_00019.1	8	12	8	10	4	8	6	6	17	11	9	9	10	7	9	11	9	9	16	9	12	15	16	14	12	7	7	9	6	15	4	8	7	10	15	12	9	13	15	4	11	10	16	9	11	15	6	6	8	16	11	5	6	3	9	10	15	11	11	10	16	9	7	6	7	6	15	6	13	12	8	9	7	5	11	14	8	11	7	15	8	9	8	9	9	11	10	11	12	7	16	8	8	10	9	10
Negative	NEG_D	ERCC_00076.1	12	11	11	11	5	5	16	10	7	8	8	5	15	9	13	12	7	5	16	12	8	8	16	7	16	10	14	4	7	9	10	8	8	5	12	7	7	8	5	6	7	6	6	11	6	5	10	10	9	12	5	18	7	7	5	6	7	8	8	8	8	3	8	3	11	2	11	16	8	8	6	8	9	8	2	15	3	11	12	13	11	13	15	12	11	6	7	11	9	8	12	2	13	5	13	8
Negative	NEG_E	ERCC_00098.1	20	19	13	22	10	9	16	22	15	17	11	12	17	13	20	12	13	15	18	9	14	17	25	15	20	5	16	15	15	13	16	17	15	26	25	27	17	24	19	23	17	19	15	13	21	11	18	13	11	14	21	18	28	20	79	86	66	49	43	50	19	22	21	17	29	34	25	22	41	35	31	32	19	14	21	23	22	24	44	18	26	29	28	30	25	27	35	34	53	40	50	51	36	29	35	25
Negative	NEG_F	ERCC_00126.1	14	16	13	11	21	11	15	26	20	24	19	21	25	18	18	19	21	19	21	15	20	22	12	24	20	18	23	10	19	26	21	12	17	19	15	25	19	19	11	16	12	21	26	18	21	20	22	15	10	16	16	17	26	10	15	20	21	17	17	20	15	22	16	19	15	22	18	27	21	22	12	10	13	15	15	24	20	16	16	14	21	21	20	17	26	21	19	22	16	17	26	17	21	22	15	21
Negative	NEG_G	ERCC_00144.1	7	6	10	5	5	5	9	9	5	7	7	5	14	5	11	5	8	4	14	12	8	8	11	7	4	4	10	9	9	7	6	9	5	11	7	9	7	6	6	5	7	4	13	5	7	11	5	7	11	8	1	10	10	4	7	9	11	6	13	7	10	7	7	6	6	4	6	7	13	8	10	5	9	8	5	11	8	9	13	7	11	12	12	10	12	7	10	8	5	8	11	9	19	7	13	11
Negative	NEG_H	ERCC_00154.1	10	8	3	7	4	11	4	7	6	9	8	8	8	6	10	5	11	7	16	14	8	11	11	12	8	3	6	7	8	8	6	6	4	19	4	10	5	5	6	6	9	2	13	10	11	6	9	11	13	8	11	6	4	6	14	9	10	9	12	11	7	7	4	5	8	11	14	11	12	6	12	13	5	7	5	7	5	5	7	15	13	11	8	7	8	8	7	14	13	6	19	9	22	13	10	11
																																																																																																		
Housekeeping	Hs_Alas1	NM_000688.4	36	25	102	96	51	54	154	140	108	112	37	27	23	21	28	27	40	53	26	24	22	17	30	26	24	37	21	22	20	18	23	36	774	753	1103	890	955	859	2074	1852	762	760	372	333	601	465	430	424	811	980	664	698	656	626	664	749	734	636	741	698	406	526	307	320	233	286	416	379	579	481	491	737	19	19	603	482	1158	1235	593	527	241	194	457	611	546	708	528	413	1175	1079	1054	1080	222	376	618	452
Housekeeping	Hs_B2M	NM_004048.2	6	5	7	2	3	6	7	8	3	6	4	6	6	2	5	5	11	3	14	7	9	12	4	9	10	4	7	10	2	5	5	6	20065	18564	49234	43484	77526	72523	80140	70679	169196	171414	73776	72552	69968	59721	44937	44042	48193	50823	72472	81725	21742	19788	6194	6705	10134	7655	7880	8534	23294	28450	18651	18433	7724	10658	39971	32806	6471	5989	11742	18058	4	3	5906	4876	50110	54249	10229	10119	34531	30460	8594	10778	4590	5839	32914	30986	32755	29545	7147	6508	6887	10128	17920	14106
Housekeeping	Hs_Cltc	NM_004859.3	10	14	13	19	13	15	20	22	19	25	24	21	18	26	20	14	19	25	23	23	46	18	11	16	18	13	13	17	13	16	14	14	12789	11200	4660	4036	11670	11477	7766	6330	7314	6603	5094	5312	7023	5845	6389	6042	10081	10697	4910	5077	9554	9356	10353	10851	11187	9999	10373	10547	5792	7410	4342	4464	23741	32319	6590	5181	42881	38060	8938	12918	12	22	7819	5952	8111	8486	5840	6202	7501	5883	5534	6742	14740	20117	21095	16655	17526	16599	12591	13066	3949	7485	12743	9193
Housekeeping	Hs_Gapdh	NM_001256799.1	4	5	4	5	6	4	4	6	8	8	1	5	7	5	3	5	6	3	8	13	17	13	6	4	4	1	4	3	7	3	4	4	34193	31704	53591	45384	35973	33922	39299	34836	18775	18800	25489	24555	24548	20890	17115	16327	14862	15916	18202	20229	24473	22542	180122	197319	204237	170827	145628	147514	37967	44338	22315	22001	37042	50508	26225	22705	43590	41827	57523	85698	5	7	38673	32337	53231	55503	30910	31549	43857	37328	31354	37273	32117	39714	58016	49831	103825	98003	109656	101263	31835	51950	52406	39594
Housekeeping	Hs_Gusb	NM_000181.3	5	5	1	4	4	4	7	8	1	4	8	2	5	5	4	7	1	6	4	6	6	12	5	5	3	1	8	6	3	4	3	4	339	312	619	564	1561	1455	1930	1638	1769	1680	753	711	1321	1170	1206	1125	2222	2357	1370	1408	1552	1495	1174	1253	981	974	1214	1165	443	434	918	1013	2215	3031	1466	1223	906	829	405	681	5	3	1179	923	726	728	1902	1940	1266	1092	1060	1247	1476	1932	3171	2690	331	293	1291	1264	792	1374	879	613
Housekeeping	Hs_Hprt	NM_000194.2	3	4	3	4	9	3	5	7	10	3	4	5	10	8	5	8	6	3	9	8	9	12	7	8	7	9	6	8	4	5	7	3	2208	2032	597	501	1081	1020	423	386	574	618	922	899	614	502	852	832	221	286	558	622	3871	3520	779	804	679	650	595	630	258	356	457	410	1571	2197	830	795	605	508	1028	1631	5	3	1018	830	1852	1936	867	849	1183	1013	1026	1352	1834	2397	1056	967	732	727	1795	1751	738	1205	2302	1806
Housekeeping	Hs_Pgk1	NM_000291.2	740	631	769	714	724	817	581	508	156	150	282	305	589	697	696	746	356	389	402	374	329	332	495	496	1117	1176	1180	1232	672	591	680	650	9519	8670	10394	8864	14146	13583	12880	11378	8258	8287	7534	7263	8255	6710	6225	5683	7274	7914	7570	7951	4268	3870	17510	18892	21373	17168	15460	16476	4728	5998	6797	6711	10678	14579	16235	14045	8686	8196	11947	17731	670	603	13345	10921	30912	32536	12622	12848	24405	20337	5358	6464	8216	10694	11430	10068	12545	11820	16140	15604	8103	12765	9254	7052
Housekeeping	Hs_Tbp	NM_001172085.1	11	11	9	11	13	6	11	9	8	15	9	7	11	10	12	10	19	14	16	14	16	12	12	7	7	8	17	18	14	10	11	6	285	258	211	196	323	325	158	125	268	263	331	323	474	401	423	412	463	552	260	285	2362	2136	786	802	779	701	695	672	153	250	317	333	338	465	454	378	346	270	307	469	8	13	306	297	449	485	327	341	236	199	386	467	392	567	684	558	305	292	988	921	162	311	1622	1261
Housekeeping	Hs_Tubb	NM_178014.2	2397	1950	746	683	320	359	298	288	1602	1386	5857	5608	1235	1430	2210	2274	2452	2442	10507	10236	6740	7521	4515	4482	13001	14887	7893	8661	8422	7721	6465	5803	4138	3651	2903	2474	3336	3212	4640	4320	4306	4272	16091	15064	7418	6313	7390	7102	3906	3964	3091	3487	3357	3180	14700	15350	14103	12539	16330	15845	8134	9774	1947	2053	4306	5989	17872	15378	12090	11816	6634	9844	4256	3811	6209	5306	10815	11262	7442	7156	9339	7812	12148	14473	17295	21520	19300	16777	22219	21390	6617	6339	2026	3129	4634	3613
Housekeeping	Mm_Alas1	NM_020559.2	690	702	2482	2211	1311	1538	4633	4264	3097	2780	512	602	571	612	622	579	1064	1088	348	353	316	334	652	588	584	698	407	472	546	474	542	556	3	3	5	8	9	5	3	5	11	9	7	7	7	11	13	9	4	4	7	3	6	6	1	2	2	4	2	4	7	2	12	5	4	4	3	4	7	7	4	2	216	233	4	7	3	2	4	7	3	3	5	4	4	4	4	4	4	3	1	4	3	14	4	2
Housekeeping	Mm_B2M	NM_009735.3	4835	4475	19683	16966	20250	23723	41536	39254	69483	61052	24943	23437	4131	4870	3485	3137	10620	11188	1955	2054	1399	1467	2953	3041	338	455	505	555	3319	3169	6944	7768	30	32	32	26	21	17	19	22	12	16	23	16	28	20	13	41	27	24	48	36	12	20	15	13	21	11	21	19	37	24	42	32	20	17	22	28	22	29	28	10	24466	22730	20	52	11	15	27	20	16	24	37	27	15	18	15	15	14	15	23	19	72	38	16	27
Housekeeping	Mm_Cltc	NM_001003908.1	9195	8328	3205	2825	4623	5384	2267	2127	2910	2523	2023	1952	4201	4870	9456	8755	2437	2542	1483	1531	1405	1556	3141	3239	4765	5982	3352	3352	8603	7788	8487	8445	15	7	12	15	3	8	7	8	3	10	10	9	1	8	10	1	8	10	7	5	7	2	4	5	3	6	4	5	11	7	10	17	10	1	9	9	6	9	14	6	4376	4176	8	12	7	3	8	8	8	5	8	7	6	7	5	7	4	5	5	3	15	3	9	9
Housekeeping	Mm_Gapdh	NM_008084.1	11975	11441	21471	18755	10036	11600	5954	5980	3203	2823	5973	5698	12114	15114	12693	12010	6388	6731	9757	10400	7406	8076	8057	8091	21062	28035	15465	15355	13853	12491	10786	11277	56	49	90	59	48	34	40	44	28	28	50	33	36	41	18	41	45	39	41	40	40	37	215	213	223	213	150	162	56	63	71	27	34	47	35	43	59	66	41	69	6287	6016	40	53	27	25	46	27	43	37	58	47	43	48	50	46	94	66	90	74	97	77	47	46
Housekeeping	Mm_Gusb	NM_010368.1	246	272	531	505	1202	1450	542	562	982	819	659	563	278	342	295	283	989	1074	502	526	547	527	723	759	296	356	400	383	663	615	823	830	33	31	40	36	14	12	13	13	12	19	21	16	15	23	31	34	23	17	22	29	31	24	10	22	13	21	25	23	36	50	32	27	29	18	18	25	25	35	34	20	1044	991	19	25	21	17	26	23	34	24	29	35	14	21	16	17	16	18	21	14	51	38	13	32
Housekeeping	Mm_Hprt	NM_013556.2	1405	1336	748	636	627	712	381	366	320	259	290	274	1170	1397	1695	1609	326	324	186	180	281	287	571	521	18	23	39	22	25	25	17	24	48	28	37	26	28	24	19	39	29	38	35	41	32	49	42	38	45	34	37	47	22	29	15	17	23	22	31	24	75	54	83	55	36	19	21	40	44	35	32	36	483	442	22	50	16	24	40	36	29	45	35	34	26	22	15	21	17	25	31	25	62	49	26	33
Housekeeping	Mm_Pgk1	NM_008828.2	15436	14909	16818	14758	15990	18513	9956	9800	3242	2728	5314	5316	13129	16136	17724	16395	8868	9013	8036	8552	6471	6766	10941	11134	19055	25056	19736	17755	13798	12732	12081	13385	9	8	10	5	4	10	12	8	8	5	7	14	6	7	6	11	7	11	7	6	6	6	6	4	8	6	6	6	11	15	15	15	4	9	4	11	8	10	6	4	9497	9379	12	13	4	12	6	10	9	17	9	8	12	10	4	11	7	9	5	7	8	9	6	12
Housekeeping	Mm_Tbp	NM_013684.3	431	391	190	160	228	205	134	119	275	224	473	500	319	373	222	183	204	207	151	175	134	140	265	217	813	1088	562	599	871	805	522	569	5	5	3	9	3	5	11	7	12	10	3	6	11	16	8	4	8	13	14	12	6	6	4	5	3	4	5	2	4	7	12	15	11	6	7	8	6	6	7	10	284	280	10	12	8	7	4	7	10	9	5	5	3	2	4	3	10	7	5	1	11	6	9	4
Housekeeping	Mm_Tubb	NM_011655.4	224	201	213	178	110	134	101	91	714	589	2640	2625	325	375	233	210	832	886	2184	2234	2000	2242	1035	1125	6352	7923	3826	4108	3561	3378	2025	1829	2	12	2	6	3	2	3	4	6	2	4	3	8	1	6	11	5	1	3	5	1	6	6	1	1	1	1	1	15	7	2	15	3	5	3	1	1	1	5	1	782	758	10	2	1	1	8	5	1	3	7	2	9	1	1	1	1	1	1	5	18	1	1	4
																																																																																																		
Endogenous	Hs_BCAS3	ENST00000589222.1	6	5	5	6	4	5	8	5	9	10	13	13	8	10	5	6	4	8	10	7	11	7	10	5	7	8	7	8	11	5	5	2	705	628	249	191	333	351	152	141	527	560	551	528	626	525	457	436	260	249	523	534	671	567	46	51	66	60	74	79	167	237	174	201	1488	2050	106	100	365	274	258	360	5	7	165	130	265	297	254	250	147	117	216	273	203	261	308	267	233	250	155	145	184	282	84	66
Endogenous	Hs_EMX2	ENST00000442245.1	129	115	8	3	476	564	6	4	5	4	4	10	158	188	7	3	462	516	81	86	44	65	76	113	6	7	12	19	21	22	48	49	919	871	25	27	3080	3057	8	4	6	19	5	9	2660	2211	1524	1418	37	52	395	371	694	719	3	4	4	9	4	7	13	13	15	10	13	13	12	5	10	6	3127	4796	9	14	8	8	8	10	12	11	6	6	9	13	10	13	210	169	4	9	7	5	15	8	12	12
Endogenous	Hs_EMX2-OS	ENST00000440007.1	7	8	13	6	6	8	6	9	11	6	11	4	9	11	10	6	9	8	8	7	16	10	15	6	11	13	13	10	11	10	6	8	41	39	10	10	154	134	7	8	12	28	7	3	182	118	108	101	11	8	33	45	39	30	5	5	7	4	7	8	21	22	15	20	4	11	9	7	4	11	139	152	7	5	10	8	13	7	10	6	8	14	11	9	10	5	21	17	5	8	11	6	8	19	10	12
Endogenous	Hs_EVX1	ENST00000222761.1	7	10	13	9	6	14	18	9	13	5	9	10	13	8	8	12	8	13	14	18	13	9	13	11	12	15	12	15	9	5	8	10	9	9	18	18	20	13	19	22	28	42	14	13	108	96	7	17	23	17	126	118	17	11	141	152	23	13	11	10	28	24	27	20	31	31	22	15	25	14	15	19	15	13	10	7	26	26	22	21	27	16	8	14	21	32	35	30	9	10	15	13	20	16	13	11
Endogenous	Hs_EVX1-AS_1	ENST00000519050.1	19	9	8	4	7	9	11	20	9	9	21	5	11	7	9	13	9	17	19	17	14	11	15	12	16	16	16	19	12	8	11	6	12	14	27	14	5	6	8	7	8	14	4	11	40	31	10	7	16	14	22	34	9	12	9	7	9	14	13	19	11	13	20	15	30	20	14	15	19	15	18	17	14	20	10	22	21	12	13	18	9	16	16	21	30	37	37	30	4	13	12	13	28	21	22	11
Endogenous	Hs_EVX1-AS_2	ENST00000519218.1	14	4	12	9	12	10	14	18	29	25	28	18	19	21	20	18	18	22	24	24	33	19	12	13	21	21	14	25	23	21	7	18	26	17	30	17	11	10	12	20	12	12	20	14	19	22	18	44	25	28	28	22	25	17	15	19	18	16	20	9	36	35	66	32	30	23	28	34	42	26	32	19	12	21	14	30	24	25	34	24	27	28	31	21	33	40	33	29	17	22	31	18	60	43	25	30
Endogenous	Hs_FOXA2	ENST00000377115.1	7	10	11	9	10	8	14	14	13	15	8	16	6	18	11	9	11	8	13	14	16	15	13	7	7	8	7	11	7	8	7	10	15	17	28	13	18	13	393	331	325	262	7	11	89	70	62	54	19	8	22	19	26	30	24	34	29	19	24	27	28	15	20	15	16	15	126	112	25	12	80	100	11	12	19	13	99	117	19	11	10	22	18	8	16	19	239	203	14	22	22	24	256	443	2514	1844
Endogenous	Hs_FOXA2-DT	ENST00000564492.1	7	7	6	5	6	11	5	7	4	4	8	6	4	10	5	9	4	6	6	6	11	10	9	5	8	7	8	4	9	7	4	6	2	6	5	6	3	4	1755	1542	119	123	7	6	35	42	11	9	8	4	87	84	8	4	3	4	4	4	9	6	9	7	22	15	3	11	54	62	6	4	9	10	8	5	4	10	479	501	6	9	18	7	9	8	6	6	17	13	5	10	9	6	72	113	6415	4497
Endogenous	Hs_FOXP4	ENST00000373057.1	4	5	2	4	6	5	6	10	8	5	13	9	11	7	3	6	10	3	3	7	13	10	5	6	7	8	6	12	10	3	2	3	84	74	224	168	324	296	189	224	327	329	270	227	746	744	381	339	140	154	990	1090	355	368	150	152	225	224	388	361	82	100	135	144	403	525	591	479	636	566	245	318	8	3	145	142	167	162	220	223	90	59	168	180	320	382	805	634	159	155	343	356	212	268	872	632
Endogenous	Hs_FOXP4-BT	ENST00000432751.1	11	14	8	13	7	8	20	22	17	24	30	24	16	15	12	15	19	8	18	17	33	20	15	10	12	20	18	22	7	12	5	18	23	24	17	35	22	14	7	28	25	26	31	18	22	18	15	26	24	22	39	40	19	21	16	24	26	29	33	26	30	39	52	42	37	59	106	104	87	65	33	44	18	17	176	143	68	87	233	277	29	29	102	126	64	71	146	128	20	22	84	59	82	115	123	117
Endogenous	Hs_GATA6	ENST00000269216.1	8	4	179	151	8	15	33	30	96	64	12	15	8	16	5	12	11	16	18	15	20	17	19	28	17	21	40	34	143	136	278	252	12	5	2012	1748	221	210	580	553	1359	1389	16	23	376	296	4041	3797	274	356	510	546	1086	1046	45	52	228	179	793	773	107	135	125	122	412	558	1172	969	387	352	42	83	4	1	138	98	757	706	151	148	70	80	27	26	277	367	135	111	192	199	647	644	131	236	1735	1333
Endogenous	Hs_GATA6-BT	NR_102763.1	8	5	9	9	8	7	10	9	14	10	12	9	6	18	5	6	9	13	12	11	31	12	10	8	11	4	10	6	10	11	14	14	14	12	232	170	23	19	19	40	76	100	13	13	36	30	244	242	43	21	81	101	29	35	15	28	40	27	170	178	32	52	27	27	31	39	65	49	31	21	17	21	9	10	25	28	45	42	23	22	32	22	18	22	62	74	36	22	22	21	80	85	38	21	38	34
Endogenous	Hs_HEXIM1	ENST00000332499.1	3	4	2	4	7	10	11	8	7	5	12	5	8	8	11	4	2	3	4	11	13	10	7	4	5	4	4	3	6	5	8	6	675	602	460	432	856	809	446	440	808	816	550	482	1644	1311	921	799	1907	2083	760	895	1115	1077	345	355	244	254	241	234	269	291	457	502	360	464	885	707	249	264	1064	1582	5	7	157	150	285	351	86	88	540	459	338	426	1007	1270	754	633	263	292	383	385	581	1006	684	535
Endogenous	Hs_HEXIM1-2-AS	ENST00000589950.1	18	20	20	20	19	21	22	25	36	35	35	22	24	25	18	13	19	31	33	20	36	24	14	20	15	20	25	26	18	14	14	13	24	24	20	18	22	16	12	19	34	54	36	17	32	54	15	27	32	27	21	28	29	25	11	14	16	11	21	9	37	33	52	47	33	32	16	22	34	31	33	33	34	22	40	37	33	26	90	79	28	26	41	18	11	17	23	20	16	16	32	17	73	30	10	23
Endogenous	Hs_HEXIM2	ENST00000307275.1	9	5	3	7	6	5	11	6	4	5	9	5	7	13	5	9	2	8	6	10	8	7	1	9	4	1	5	6	6	3	2	5	287	257	151	137	250	241	160	136	148	187	182	195	228	169	165	201	78	75	200	216	1830	1749	301	323	272	245	168	197	152	198	201	219	123	175	211	198	304	281	228	364	7	7	396	313	207	208	498	512	150	137	286	427	428	535	235	171	146	145	337	296	373	556	186	147
Endogenous	Hs_HIC1	ENST00000399849.1	4	5	5	1	3	8	6	4	5	5	9	1	5	3	7	6	6	5	6	5	6	8	3	8	7	4	4	11	2	7	8	6	6	11	10	10	8	9	12	8	12	10	8	5	39	26	32	23	4	4	28	22	6	4	3	1	6	11	5	7	6	9	20	10	8	4	7	5	5	6	10	8	3	2	10	17	2	4	4	4	9	3	6	11	3	6	5	5	12	5	7	4	7	6	5	5
Endogenous	Hs_HIC1-US-AS	TCONS_00179423.1	8	15	13	10	15	10	17	20	12	18	9	15	18	20	11	14	18	13	22	21	27	21	18	14	16	20	11	10	19	16	8	14	17	21	37	12	17	6	8	12	15	31	18	15	22	24	18	24	19	24	21	19	19	17	10	10	10	16	19	14	37	37	52	45	19	18	25	33	24	26	20	25	15	16	22	22	18	11	30	17	18	22	35	27	15	19	18	14	10	14	16	10	42	40	17	27
Endogenous	Hs_HMGA2	ENST00000403681.1	16	11	13	8	9	8	21	16	11	19	16	20	13	25	15	11	9	41	32	21	42	17	14	13	10	12	10	8	17	15	10	10	27	18	18	24	14	11	13	18	12	28	14	13	26	24	22	28	21	17	17	12	78	70	632	640	635	626	1277	1218	183	152	71	70	36	22	599	480	30	23	329	490	15	13	18	33	157	146	27	19	34	26	164	177	1105	1427	550	461	711	734	2824	2655	88	56	640	473
Endogenous	Hs_HMGA2-AS	ENST00000544279.1	4	4	8	3	7	5	6	4	5	5	7	7	8	8	11	4	8	3	14	10	17	13	6	6	5	5	4	23	7	8	2	5	9	9	13	14	9	8	8	5	14	16	4	9	10	16	8	10	4	17	4	6	5	10	10	13	19	11	9	11	32	15	25	15	7	9	7	16	12	11	14	16	7	9	4	13	9	11	13	11	10	20	16	12	8	8	9	8	7	7	13	5	8	13	6	6
Endogenous	Hs_HNF1A	ENST00000257555.1	11	11	15	14	137	164	87	86	15	16	16	15	10	23	11	12	18	13	34	32	35	19	30	24	19	32	11	22	18	11	15	8	9	15	27	14	173	171	128	86	3	28	16	10	15	22	34	30	20	21	21	14	20	16	7	12	14	12	14	10	21	35	25	17	23	20	10	18	36	33	12	13	15	16	16	22	13	15	26	24	12	26	23	12	20	17	18	11	10	13	15	13	84	92	439	341
Endogenous	Hs_HNF1A-BT-1	ENST00000537361.1	28	11	11	14	14	18	26	23	28	22	29	32	29	31	23	14	25	36	42	26	57	20	32	29	20	32	27	36	30	22	21	25	38	17	46	27	138	94	44	36	32	40	17	22	42	47	46	50	36	34	35	29	32	26	12	12	24	24	24	24	39	37	47	45	48	33	22	39	35	37	41	29	22	36	38	63	24	26	36	25	42	39	41	23	21	42	34	34	24	21	27	33	212	257	64	68
Endogenous	Hs_HNF1A-BT-2	ENST00000433033.1	4	4	6	3	2	3	6	4	5	8	11	5	6	7	6	4	11	5	5	10	14	4	3	9	4	1	5	3	5	10	4	5	3	3	3	1	25	26	13	8	5	10	6	6	3	8	11	11	3	6	6	8	6	7	2	4	1	6	2	3	9	17	17	10	22	19	14	9	17	4	11	7	3	5	3	10	5	8	4	8	7	2	3	4	8	16	20	12	3	7	12	7	28	39	28	17
Endogenous	Hs_HNF4A-BT_1	ENST00000372920.1	5	5	1	7	988	1150	675	702	10	4	9	4	11	10	9	10	11	8	32	26	35	46	65	65	13	7	7	7	10	3	7	6	18	15	22	10	999	1016	931	826	22	7	8	11	17	11	18	16	7	10	11	14	66	48	18	21	17	25	15	21	15	20	15	20	12	19	8	12	19	19	14	15	5	5	14	15	14	15	10	5	15	10	16	11	7	18	15	17	12	11	12	13	96	177	1914	1474
Endogenous	Hs_HNF4A-BT_2	ENST00000452481.1	11	7	11	11	16	15	8	10	10	8	17	16	10	10	11	14	4	8	13	15	8	12	8	13	15	27	16	23	15	16	4	7	12	7	13	9	9	6	9	14	8	12	10	6	14	16	18	7	9	8	12	8	3	8	6	4	10	4	11	8	17	15	17	22	15	12	16	2	19	11	20	11	4	8	12	18	11	8	9	9	9	12	15	8	8	10	10	9	9	13	10	5	23	6	7	4
Endogenous	Hs_HOTAIRM1	ENST00000429611.1	9	4	5	6	3	12	11	9	11	5	13	7	8	20	13	6	7	8	9	11	16	11	9	10	8	9	9	15	12	3	12	8	20	18	105	105	512	542	60	37	839	851	129	107	322	277	296	307	32	25	660	737	159	139	192	226	15002	14051	12531	11988	427	482	417	511	108	119	16	15	21	11	830	1243	8	12	131	118	325	355	383	374	165	154	720	869	109	145	871	705	304	277	176	171	339	487	234	180
Endogenous	Hs_HOTTIP	ENST00000521028.1	8	4	7	6	6	6	7	5	8	6	9	13	3	7	7	8	7	9	10	9	14	13	15	2	3	13	3	7	8	11	6	4	11	19	17	15	9	7	17	9	12	16	8	14	129	110	11	11	29	27	142	127	21	20	14	18	12	19	12	11	24	17	27	20	19	19	22	11	20	19	11	17	7	12	11	12	50	38	22	16	20	22	17	11	17	19	26	18	9	13	23	15	19	19	13	12
Endogenous	Hs_HOXA1	ENST00000355633.1	15	14	10	11	12	16	11	9	23	14	18	18	13	15	24	18	16	22	27	27	30	19	17	23	31	38	364	359	1271	1168	370	395	17	14	20	10	42	31	17	22	32	43	24	25	46	23	43	45	24	25	52	31	34	18	39	43	6397	6294	4562	4285	58	56	66	62	38	38	15	21	19	25	91	110	40	37	34	35	34	26	45	42	20	23	84	130	54	62	209	154	42	47	88	84	55	99	72	62
Endogenous	Hs_HOXA11	ENST00000006015.1	8	3	6	3	7	10	4	7	9	4	3	10	10	7	12	6	81	72	7	6	6	12	6	4	6	4	6	8	5	7	5	4	12	12	20	15	91	96	7	11	15	12	13	7	808	687	36	45	182	223	362	365	108	120	36	32	69	49	87	79	30	17	27	20	37	42	22	14	63	25	16	29	7	12	18	22	299	297	162	203	33	21	14	22	21	46	346	247	11	21	62	62	14	23	148	129
Endogenous	Hs_HOXA11AS	ENST00000522863.1	10	8	5	6	7	14	9	9	12	10	11	11	8	16	8	10	58	56	23	31	25	14	11	12	8	7	7	11	9	9	7	10	17	28	22	23	21	18	19	9	17	10	11	9	382	279	14	20	23	27	438	456	14	17	10	10	21	15	22	25	21	30	15	22	30	38	16	15	44	24	31	18	12	26	16	33	239	218	50	49	27	35	23	13	32	48	93	77	5	10	21	15	41	29	21	24
Endogenous	Hs_HOXA13	ENST00000222753.1	24	22	35	32	29	29	57	40	68	52	39	41	26	18	15	28	22	31	36	34	50	26	29	28	28	25	20	33	30	22	24	32	38	41	41	40	23	19	20	16	25	29	25	21	4111	3223	17	31	639	673	1291	1396	46	39	39	45	39	52	31	29	56	41	47	45	42	35	49	39	82	58	42	11	36	35	26	33	1951	1984	88	78	44	59	38	43	36	34	145	116	16	22	70	53	115	107	28	45
Endogenous	Hs_HOXA13-DT	ENST00000518136.1	5	4	6	4	1	4	6	7	5	8	1	6	2	5	4	6	9	8	6	6	14	6	5	6	4	3	4	7	5	2	2	3	30	11	20	15	15	20	11	19	14	14	13	14	374	342	7	9	65	80	117	121	15	6	74	70	69	70	55	55	22	20	12	10	26	36	16	13	28	30	22	37	5	6	23	20	198	189	14	17	25	21	16	22	16	28	42	35	40	33	43	39	20	24	18	24
Endogenous	Hs_HOXA5	ENST00000222726.1	26	19	12	13	50	70	15	16	59	50	26	20	11	25	86	98	18	16	35	36	36	28	42	42	9	11	141	146	353	303	421	420	18	16	15	28	528	546	24	21	1137	1067	24	23	199	209	458	469	31	22	504	565	201	210	14	12	1115	949	5755	5548	799	1077	467	536	75	103	16	19	28	19	1232	1841	186	163	156	135	36	33	223	180	81	70	273	317	50	88	145	106	277	323	213	203	133	166	157	132
Endogenous	Hs_HOXA5-6-AS (and HOXA3 bidir)	ENST00000521197.1	7	11	6	7	1	8	5	6	4	4	11	9	5	11	6	9	8	2	4	7	2	9	6	5	8	9	9	11	7	6	4	10	8	5	5	5	23	18	5	8	5	5	6	2	7	18	14	23	5	1	8	9	9	13	4	4	7	12	74	88	19	22	15	10	4	3	7	1	10	11	65	86	4	5	3	7	8	6	5	6	3	2	5	7	4	1	8	7	7	3	9	3	7	6	8	5
Endogenous	Hs_HOXA6	ENST00000222728.1	17	20	9	14	29	38	20	27	26	26	28	24	16	15	36	45	29	19	38	35	49	33	22	20	16	19	30	26	17	17	17	21	24	22	63	24	153	166	17	26	136	135	29	29	175	165	147	143	33	31	459	507	78	76	20	12	35	37	95	87	79	126	64	47	46	47	35	30	42	39	69	96	47	51	120	118	42	26	168	147	88	51	105	102	44	60	91	71	42	55	85	84	116	96	87	83
Endogenous	Hs_HOXA7	ENST00000242159.1	11	5	6	7	116	158	6	5	17	16	12	10	6	8	209	248	6	8	38	37	33	14	17	24	12	13	46	58	71	53	71	56	11	4	7	6	288	244	1	7	66	64	40	48	138	118	95	71	16	6	102	144	64	63	30	34	62	59	136	142	43	69	7	2	15	8	5	3	5	3	137	186	44	35	4	10	5	4	10	15	9	16	70	77	53	48	186	152	53	50	215	221	42	66	164	124
Endogenous	Hs_HOXB3	ENST00000470495.1	27	21	13	21	56	59	16	25	40	32	29	21	18	29	92	83	27	25	75	84	50	45	44	43	14	5	40	47	173	152	119	144	20	16	45	19	132	101	21	15	91	80	33	33	115	113	80	99	25	20	101	115	106	102	9	14	27	27	164	160	137	189	49	30	35	34	15	21	78	32	66	78	11	27	30	32	14	14	24	14	227	218	120	135	17	39	111	111	212	188	177	153	74	86	6	13
Endogenous	Hs_HOXB5	ENST00000239151.1	7	9	14	6	82	120	10	12	9	7	5	11	12	15	63	51	55	39	36	44	25	8	45	36	6	11	13	10	23	22	24	22	9	7	10	10	103	90	5	11	28	16	8	8	69	35	18	20	11	7	33	37	38	35	4	2	4	5	22	26	52	30	17	15	34	24	23	10	97	13	11	17	20	26	8	15	21	17	46	42	17	27	9	6	27	35	160	108	147	159	126	96	112	168	9	9
Endogenous	Hs_HOXB5-6AS_1	ENST00000467155.1	8	7	8	4	7	12	6	7	9	2	9	4	7	10	9	8	12	16	14	14	16	8	6	13	14	17	13	22	13	10	18	6	12	3	10	9	12	9	7	6	19	10	15	13	14	20	10	18	8	8	8	11	5	10	7	6	10	6	17	16	88	80	12	17	7	5	9	10	13	11	11	9	5	14	11	22	5	8	8	17	9	9	20	11	6	9	8	8	133	115	5	6	14	11	8	8
Endogenous	Hs_HOXB5-6AS_2	ENST00000476204.1	6	11	7	6	16	27	4	4	13	8	9	12	12	7	7	10	16	3	19	24	11	10	18	10	7	5	3	11	39	35	24	16	14	13	13	19	75	65	3	4	39	33	7	9	29	28	27	28	11	8	19	25	59	65	9	7	12	7	29	34	123	139	17	10	12	5	9	6	18	23	18	8	7	6	1	18	7	6	19	7	16	23	19	9	6	17	8	12	377	381	15	9	30	9	7	9
Endogenous	Hs_HOXB6	ENST00000225648.1	8	8	9	4	14	9	5	7	9	5	8	11	9	11	15	17	10	8	9	13	8	10	9	9	8	8	5	14	20	17	14	13	21	20	41	35	160	114	23	19	62	49	14	11	68	72	60	41	36	39	44	42	24	40	58	60	68	50	87	68	146	141	47	15	32	38	24	15	130	51	38	32	10	13	23	27	33	23	34	45	50	36	16	25	29	53	73	61	212	189	76	71	66	54	23	23
Endogenous	Hs_HOXB7	ENST00000239165.1	11	11	5	1	369	465	8	7	13	15	12	7	5	5	510	416	33	30	30	42	38	26	39	45	11	7	91	58	143	140	110	142	5	18	40	37	537	578	23	19	125	132	13	5	397	309	132	112	76	89	162	175	219	214	20	21	28	21	82	96	333	365	12	15	237	307	25	19	2149	1924	220	342	5	3	5	13	13	15	237	229	277	254	59	95	12	19	669	572	460	450	1229	1181	270	502	72	62
Endogenous	Hs_HOXD1	ENST00000331462.1	22	11	17	15	11	22	20	19	25	19	29	26	20	39	19	14	20	20	28	22	44	29	26	18	17	17	18	26	22	17	17	13	47	55	23	33	72	50	17	13	49	42	22	19	24	41	39	44	32	25	47	65	78	52	30	26	350	360	229	236	56	46	47	37	40	24	40	54	40	29	37	36	18	27	38	58	30	21	36	25	41	28	42	53	84	105	33	32	11	25	35	24	88	52	46	58
Endogenous	Hs_HOXD1-BDIR / HOXD3-US-AS	ENST00000416928.1	10	11	7	14	10	12	11	19	15	13	22	20	15	23	11	15	18	19	23	24	20	13	16	6	10	12	12	14	15	8	8	16	27	21	22	24	27	13	8	15	12	29	11	11	11	18	15	31	24	21	21	22	741	643	20	14	20	23	35	43	26	17	39	17	29	16	14	25	28	25	34	25	12	16	19	28	16	14	35	29	17	21	23	27	12	30	10	19	16	15	16	13	42	27	16	27
Endogenous	Hs_HOXD3	ENST00000468418.1	4	10	2	9	7	10	10	7	10	12	14	9	11	15	9	10	8	17	14	17	14	10	8	3	14	5	12	14	8	3	6	7	14	16	23	20	116	123	17	11	11	10	15	6	117	100	128	142	16	7	66	64	116	75	20	11	87	86	183	212	28	15	27	20	29	31	33	40	25	17	18	30	11	13	19	22	27	17	18	16	33	28	36	33	21	29	21	19	14	15	25	21	24	16	19	19
Endogenous	Hs_HoxB3-BT	ENST00000464382.1	10	6	6	2	3	4	4	4	5	3	14	7	6	5	4	6	3	8	2	7	6	6	7	6	7	4	5	3	7	8	5	5	23	6	18	10	11	7	5	11	14	12	7	5	10	11	6	10	9	4	15	14	7	8	14	10	15	10	11	8	22	15	12	15	13	9	8	10	7	19	15	9	4	10	8	7	9	3	13	7	10	14	9	8	6	15	7	8	10	13	15	7	18	8	7	8
Endogenous	Hs_ID4	ENST00000378700.1	1	5	2	5	2	3	4	2	5	3	7	6	4	7	6	6	6	6	4	10	11	6	1	5	7	4	2	6	5	5	6	4	17	11	8	3	8	8	8	7	8	9	5	1	14	14	14	16	1	7	12	8	9	4	5	9	7	8	5	9	19	11	15	5	9	7	9	1	12	3	7	11	4	9	4	10	3	2	8	3	8	8	19	8	16	16	3	7	3	4	3	4	8	9	5	6
Endogenous	Hs_ID4-BT	ENST00000432171.1	8	9	10	4	5	6	11	7	10	7	9	6	10	7	12	9	12	5	9	9	19	10	6	6	9	16	14	10	7	10	6	7	11	7	3	13	4	2	12	6	8	14	15	9	14	9	18	4	9	7	15	14	6	4	5	5	7	8	13	12	19	13	10	7	4	7	8	11	6	8	15	6	8	14	4	17	10	10	5	6	10	10	7	9	7	10	9	9	12	7	6	8	15	10	8	8
Endogenous	Hs_KDM2B	ENST00000377069.1	58	48	30	29	22	26	30	23	17	21	56	50	41	41	31	28	13	16	29	24	44	18	23	24	146	183	64	69	181	165	65	49	98	86	32	33	37	29	9	15	103	120	198	188	129	87	69	65	24	36	142	143	57	57	444	461	251	254	87	106	51	67	59	52	145	161	39	37	74	61	72	112	49	43	30	45	48	51	72	67	41	29	103	122	75	88	79	61	48	54	60	71	42	34	48	29
Endogenous	Hs_KDM2B-BT	ENST00000541574.1	11	15	10	11	16	16	22	24	20	20	21	22	21	25	18	8	23	28	34	21	33	19	8	24	20	20	17	23	18	16	12	18	44	45	23	26	22	14	17	14	37	38	62	55	42	38	35	43	21	21	22	34	87	85	61	52	42	42	45	54	58	24	34	37	33	41	22	25	40	29	22	30	17	16	26	37	41	33	43	40	37	29	69	80	55	71	47	32	38	41	36	29	66	39	24	23
Endogenous	Hs_LHX1	NM_005568.3	7	10	7	4	4	4	11	6	3	5	11	5	5	8	4	5	7	6	6	8	13	10	8	5	7	7	10	10	6	3	3	7	6	11	15	12	78	61	12	18	15	21	11	6	15	14	10	14	5	1	15	12	6	6	15	8	30	36	65	40	11	7	12	12	29	29	17	9	24	7	199	266	5	5	4	10	43	38	17	15	16	16	10	14	15	20	32	25	3	7	15	20	19	24	14	19
Endogenous	Hs_LHX1-BT	ENST00000529264.1	13	13	9	8	12	14	18	21	10	16	32	17	18	23	15	14	31	20	20	25	36	15	18	17	13	19	19	28	19	15	9	18	15	37	33	27	13	20	12	20	15	19	13	17	29	28	28	30	17	27	41	19	27	22	18	11	21	23	26	22	34	33	56	30	11	12	21	27	36	29	32	23	18	20	20	23	15	12	26	24	29	30	33	41	15	29	15	19	16	16	19	17	46	46	18	34
Endogenous	Hs_LHX8	ENST00000294638.1	9	9	6	8	10	4	8	9	9	6	14	9	10	11	15	11	6	9	10	13	19	10	13	10	10	17	14	18	12	14	6	6	6	12	8	12	11	2	1	2	2	2	5	3	4	1	13	17	13	7	6	9	83	58	59	62	56	41	28	41	17	9	25	17	2	5	3	4	11	10	5	4	8	7	8	22	1	5	8	7	7	7	17	6	8	11	26	12	6	9	8	12	200	267	5	9
Endogenous	Hs_LHX8-BT	ENST00000427892.1	9	14	5	9	6	13	9	9	7	11	20	10	4	13	10	8	12	8	10	19	14	12	8	10	10	12	12	14	11	8	8	5	21	4	22	9	7	15	8	13	12	16	8	11	7	7	10	11	5	17	17	11	7	3	9	14	7	9	11	13	17	15	20	27	18	17	17	12	12	11	18	9	14	12	5	12	15	19	19	13	10	16	14	12	16	25	26	18	5	4	21	13	19	13	13	18
Endogenous	Hs_LMX1B	ENST00000355497.1	9	4	4	8	5	12	4	11	5	2	7	10	7	18	9	14	4	11	6	9	9	3	6	3	10	11	5	10	12	3	2	5	14	4	15	1	16	8	8	7	6	12	9	10	8	7	8	14	1	7	8	17	16	10	2	1	1	2	3	5	2	9	20	20	113	156	10	9	277	240	18	36	5	1	12	20	14	4	23	19	9	7	26	41	27	35	18	15	5	8	20	19	16	14	11	13
Endogenous	Hs_LMX1B-BT	ENST00000425370.1	14	16	8	10	5	7	12	14	7	7	12	20	13	18	18	11	19	17	11	14	19	10	12	12	15	11	13	12	12	8	9	7	9	14	8	6	4	6	5	12	9	9	10	10	4	15	17	11	12	8	7	19	8	11	3	6	7	8	9	12	15	9	7	17	40	45	9	11	65	53	25	19	12	19	8	17	10	8	10	15	14	12	31	22	9	15	22	16	7	7	13	12	34	9	11	9
Endogenous	Hs_MEF2C	ENST00000504921.1	1406	1324	454	360	68	90	24	23	94	79	14	20	455	584	95	80	56	45	27	32	75	67	459	475	2	8	4	6	6	6	5	7	3926	3522	571	510	226	214	115	91	856	762	202	187	1067	901	812	747	477	563	403	482	373	337	37	43	84	68	313	354	15	20	5	12	8	13	29	17	3	4	14	15	2	5	3	3	122	134	10	9	108	89	23	22	1	1	22	25	43	52	282	308	11	1	73	48
Endogenous	Hs_MEF2C-US-AS	ENST00000510274.1	39	25	9	9	5	6	8	8	11	10	22	11	155	196	15	9	11	9	19	12	28	14	15	16	11	3	12	12	15	8	8	3	14	18	22	14	20	19	13	20	22	16	13	10	14	11	10	6	23	14	15	26	16	26	19	26	17	23	16	25	32	17	22	10	20	20	14	17	22	9	18	28	9	16	10	22	13	13	23	18	16	14	19	12	15	19	12	15	14	28	19	11	20	16	17	21
Endogenous	Hs_MEF2C-US-S	ENST00000506978.1	11	11	8	15	7	11	19	17	15	17	14	20	12	21	15	15	19	8	29	18	30	33	12	20	8	9	21	11	12	11	7	14	113	133	28	19	15	8	13	16	8	16	11	10	14	18	11	17	16	15	22	20	17	10	8	13	11	10	7	12	36	22	27	32	14	17	17	20	30	14	15	16	12	17	15	23	11	14	30	17	323	279	33	21	11	19	35	34	10	13	19	17	45	29	16	20
Endogenous	Hs_MEIS1	ENST00000560281.1	171	165	168	187	81	81	40	31	217	188	30	37	372	487	145	142	176	223	144	160	85	84	220	220	16	13	32	36	555	545	633	731	89	69	191	170	155	151	32	30	572	513	44	29	1781	1539	1272	1175	146	141	703	790	227	219	29	33	280	286	862	849	333	408	101	119	105	139	11	6	30	24	563	831	65	53	12	15	14	19	39	41	56	44	9	7	6	5	186	157	239	244	19	26	22	29	63	58
Endogenous	Hs_MEIS1-AS	ENST00000439433.1	7	5	9	3	4	5	11	4	11	6	12	9	9	13	9	7	11	16	13	15	9	8	6	6	11	7	12	7	10	5	4	6	5	11	28	13	16	18	15	12	23	38	17	9	19	19	21	18	15	10	14	16	4	10	5	4	4	4	12	12	13	22	12	15	12	4	8	14	9	11	10	27	4	9	4	13	20	12	12	9	14	8	11	11	6	4	7	5	5	9	6	4	12	10	6	8
Endogenous	Hs_MLL3	ENST00000262189.1	683	676	435	387	364	440	189	168	278	228	343	352	958	1240	328	285	186	207	112	107	90	94	384	361	242	267	258	241	474	413	254	299	306	266	330	279	233	240	136	129	660	658	718	665	1049	874	759	682	1560	1886	949	952	516	473	164	164	163	171	227	258	80	98	108	146	500	698	203	169	380	305	194	327	125	117	113	72	220	242	410	434	214	161	172	238	276	337	114	95	165	164	167	153	85	145	353	262
Endogenous	Hs_MLL3-BT	ENST00000477993.1	7	4	3	6	7	3	6	8	7	6	9	7	4	13	8	5	6	3	7	7	11	7	4	3	3	3	4	4	8	3	4	4	14	11	23	19	11	9	5	18	11	12	13	10	25	14	29	38	25	39	8	16	65	59	15	14	20	14	27	20	17	2	5	22	26	23	21	12	19	13	17	28	4	1	26	20	15	19	26	29	17	10	16	20	18	34	22	22	20	28	19	21	15	19	14	22
Endogenous	Hs_MLL5	ENST00000311117.1	129	130	92	96	85	102	38	54	69	73	81	96	143	209	75	64	72	60	56	51	55	38	71	74	22	24	40	40	86	60	64	53	434	430	426	370	327	306	205	180	908	909	664	654	1279	1038	930	846	488	457	1080	1221	435	388	328	339	372	412	418	405	264	306	258	318	523	673	298	268	374	351	269	377	65	73	229	220	334	343	517	511	254	216	264	336	502	595	639	549	274	287	408	322	246	316	336	270
Endogenous	Hs_MLL5-BT	ENST00000453677.1	9	4	1	9	3	7	7	6	5	5	1	11	8	15	4	1	2	3	6	7	13	9	5	3	8	4	4	10	6	8	5	7	33	24	35	41	73	63	29	28	111	99	73	73	82	75	60	74	157	142	155	175	87	68	99	89	93	122	101	91	26	26	59	84	126	123	21	19	61	50	58	62	3	6	186	127	42	35	501	543	35	27	74	92	109	141	327	234	20	24	46	47	49	72	54	44
Endogenous	Hs_NR2F1	ENST00000327111.1	13	9	4	5	6	2	5	8	11	6	12	7	3	7	4	9	4	5	3	7	6	14	9	11	8	8	6	8	5	10	8	12	425	440	56	46	273	249	61	71	330	296	11	8	953	782	836	778	335	394	349	374	185	167	9	8	22	19	392	316	1083	1238	20	22	16	15	45	39	8	11	26	35	6	10	3	12	324	353	27	15	532	489	2150	2673	2079	2391	55	46	301	302	368	360	103	177	861	661
Endogenous	Hs_NR2F1-BT	ENST00000504474.1	4	4	5	12	5	10	4	6	9	7	17	4	5	16	9	6	11	8	14	12	17	11	9	7	11	15	4	14	6	6	6	3	744	695	66	56	142	146	53	41	308	270	18	23	461	432	617	618	158	175	352	394	132	112	4	11	11	13	243	267	644	758	22	35	21	19	87	94	11	9	17	40	11	10	7	13	319	295	13	15	207	193	531	649	523	665	96	87	348	293	424	413	126	156	550	467
Endogenous	Hs_NR2F2	ENST00000453270.1	541	501	371	329	1434	1707	513	486	509	462	41	28	614	703	392	359	1254	1285	375	410	231	282	633	596	15	21	12	11	551	533	1227	1147	233	254	700	631	1888	1730	445	404	1971	2048	100	116	6062	4961	6559	6254	912	912	1661	1849	2022	1796	179	167	295	289	1348	1265	1066	1186	236	313	6136	8172	1709	1459	558	576	265	418	272	263	569	520	2171	2105	1346	1168	391	309	263	331	558	648	1059	835	2201	2175	593	532	671	967	636	513
Endogenous	Hs_NR2F2-BT	ENST00000561344.1	2	10	3	7	3	7	11	6	8	11	4	13	10	15	6	11	8	6	11	9	8	11	8	9	4	9	9	12	4	7	5	3	15	15	37	27	43	40	11	6	57	55	19	5	174	192	208	204	24	22	61	56	45	48	7	7	12	11	29	27	17	26	20	17	48	41	17	22	25	18	29	22	6	8	11	13	24	11	27	15	10	9	24	5	12	7	26	26	20	18	30	18	57	33	17	21
Endogenous	Hs_NR2F2-DS-S	ENST00000558499.1	4	5	3	3	5	5	8	6	5	4	8	6	7	10	5	15	2	5	5	9	6	9	6	9	9	7	4	11	6	5	6	6	9	7	10	3	2	5	7	8	8	12	6	6	15	12	7	11	5	6	4	12	4	4	4	6	4	5	3	5	7	4	10	2	2	9	3	3	4	11	9	7	5	1	4	5	8	4	8	5	7	3	12	6	5	4	5	6	5	7	5	3	12	4	2	8
Endogenous	Hs_POU2F2	ENST00000389341.1	21	20	23	14	7	12	5	12	33	27	33	22	6	21	18	13	7	3	14	17	11	9	11	11	16	25	15	14	16	10	10	6	35	34	25	12	20	13	19	20	46	29	34	39	17	16	20	21	35	24	10	25	3	11	5	11	9	7	11	10	21	22	5	17	5	6	46	46	3	10	7	6	8	9	7	8	5	8	9	7	3	16	14	12	10	16	19	15	26	29	9	8	9	6	5	5
Endogenous	Hs_POU2F2-US-AS	ENST00000559786.1	4	4	8	3	3	6	6	6	4	5	8	5	7	5	5	7	8	3	6	8	13	7	4	8	4	4	5	10	1	4	4	5	5	11	10	12	2	5	9	6	8	5	16	8	6	9	8	6	5	8	7	6	12	16	5	4	8	4	7	4	7	9	20	10	8	8	15	15	11	6	9	8	7	7	8	12	9	5	14	6	8	8	8	6	6	10	9	8	3	1	15	13	9	11	9	3
Endogenous	Hs_POU3F3	NM_006236.1	7	4	4	1	6	6	6	8	4	6	7	10	8	8	7	7	8	8	10	8	8	4	5	6	11	12	8	4	3	5	6	7	365	297	7	10	349	367	1	8	20	16	20	24	14	16	7	13	8	10	51	59	39	54	5	4	3	3	5	6	9	13	5	2	7	18	10	12	19	11	7	2	4	5	3	7	8	9	6	3	35	37	2	8	6	11	125	110	4	5	9	8	12	9	6	11
Endogenous	Hs_POU3F3-BT	ENST00000458253.1	13	8	9	8	9	10	14	21	20	13	21	12	16	18	7	9	16	22	20	14	22	13	12	11	14	7	10	22	12	8	10	8	299	227	28	9	281	258	5	13	15	16	11	10	14	20	24	30	19	15	22	36	25	22	6	14	9	15	20	7	36	30	15	42	11	11	16	25	31	20	23	25	10	16	18	12	10	12	24	16	32	35	25	22	17	18	173	125	12	11	19	13	47	34	14	21
Endogenous	Hs_POU3F3-DS-AS	ENST00000433433.1	9	8	9	10	5	5	11	7	5	9	8	5	10	11	15	2	3	9	10	15	16	3	7	4	10	11	4	10	2	4	7	4	32	34	15	10	82	71	20	15	26	23	9	8	18	11	10	11	11	11	26	20	26	17	5	3	4	5	5	8	11	20	22	20	18	19	12	9	16	15	11	9	5	6	5	3	11	9	15	14	15	9	10	8	10	13	44	38	6	10	10	6	12	13	12	12
Endogenous	Hs_POU3F3-US-S	TCONS_00230579.1	3	6	7	9	6	7	9	9	11	7	13	7	4	11	9	7	7	3	12	10	14	13	5	6	5	11	6	21	8	7	8	9	33	32	10	6	24	22	7	5	2	16	5	7	11	11	10	14	12	6	10	6	5	8	7	5	8	6	7	6	7	17	25	20	3	6	6	4	7	10	1	10	8	13	10	7	7	8	5	6	7	12	3	8	12	8	24	28	7	2	6	3	14	5	10	9
Endogenous	Hs_SATB2	ENST00000417098.1	121	100	13	18	44	54	17	15	17	14	5	16	22	29	13	16	16	13	43	31	33	40	100	76	24	24	26	23	64	60	35	32	3754	3525	58	59	345	360	140	131	96	104	25	11	393	331	137	159	84	67	209	226	425	411	153	157	133	136	204	245	384	428	332	318	256	350	405	345	69	58	87	112	38	33	90	75	259	303	129	130	85	81	163	224	35	47	441	368	576	573	587	556	160	254	1273	954
Endogenous	Hs_SATB2-AS	ENST00000441234.1	5	3	3	5	4	5	4	4	3	3	7	7	4	3	4	4	3	2	2	8	11	10	4	3	7	4	3	4	5	3	2	6	5	8	5	3	4	7	4	8	2	5	6	3	6	7	7	14	8	6	7	8	3	12	1	2	2	5	2	5	6	2	7	7	3	2	7	4	2	7	12	2	5	3	3	3	3	4	5	2	7	5	2	4	3	6	2	1	2	3	4	2	8	8	5	9
Endogenous	Hs_SETD1B	ENST00000267197.1	26	34	13	17	17	12	10	17	35	20	39	21	33	46	18	14	20	16	23	24	14	14	27	24	14	12	13	14	27	13	16	22	141	142	143	133	173	185	98	140	315	386	525	490	639	648	433	414	274	256	533	597	350	328	334	307	305	314	315	289	131	178	115	70	456	483	92	91	344	355	201	317	18	12	120	83	189	214	155	179	81	78	152	170	201	245	220	164	161	193	232	188	112	135	209	161
Endogenous	Hs_SETD1B-BT	ENST00000429892.1	18	31	15	18	17	23	10	14	10	15	16	23	24	43	12	9	18	16	13	17	9	9	15	13	6	7	9	12	9	8	4	8	107	86	51	49	99	102	15	20	187	178	448	422	356	232	192	133	81	94	320	310	61	57	255	289	348	342	345	368	60	61	74	122	229	284	29	25	85	55	67	78	6	8	63	58	148	159	22	46	28	38	188	299	49	80	242	187	43	50	54	45	66	62	60	54
Endogenous	Hs_SOX1-OT	CUFF_18561.1	4	7	1	4	4	6	5	5	5	6	5	6	4	8	5	8	2	5	10	10	17	8	10	3	7	5	6	6	7	4	2	3	63	60	10	10	3	3	7	2	5	2	8	11	11	8	13	3	5	1	7	8	8	6	4	4	7	4	3	4	7	13	5	7	5	8	9	10	8	8	9	6	5	5	4	13	3	10	6	4	6	8	7	11	4	7	36	37	5	4	7	8	14	3	9	5
Endogenous	Hs_SOX2	NM_003106.2	13	5	6	3	4	5	10	9	8	7	9	1	12	10	7	9	8	13	6	11	17	11	10	4	7	4	11	15	5	7	6	6	822	697	25	20	8	4	11	12	77	83	16	13	119	103	31	30	13	8	184	155	41	44	2601	2849	1733	1643	1008	986	24	17	17	15	85	130	14	6	33	25	529	694	11	17	18	17	7	11	15	13	1909	1562	2450	2799	2838	3631	866	692	14	12	34	31	97	101	13	15
Endogenous	Hs_SOX2-DOT	ENST00000493521.1	5	4	3	4	2	5	7	3	7	1	7	7	7	3	11	5	6	8	8	7	6	6	11	9	4	4	5	4	7	4	2	3	30	33	15	12	17	18	3	6	6	10	17	24	10	26	15	31	13	11	14	16	61	47	13	13	21	10	14	12	19	20	15	15	10	17	10	17	14	11	16	18	5	8	8	12	5	23	18	31	14	22	6	6	9	11	12	15	13	14	19	17	16	10	11	4
Endogenous	Hs_SOX2-OT	ENST00000492337.1	6	11	4	3	7	7	4	6	5	3	8	5	5	3	4	3	4	3	6	4	14	7	2	6	3	12	10	10	1	7	4	7	4180	3719	10	9	7	9	1	6	9	5	6	11	13	15	21	18	4	7	21	19	80	80	166	175	209	167	77	65	7	11	5	2	10	5	4	4	7	2	14	13	6	1	10	8	4	6	15	10	2117	1683	857	1164	472	676	68	55	5	3	15	8	14	5	8	12
Endogenous	Hs_SOX2-US-AS	ENST00000460993.1	16	11	15	10	6	10	18	21	16	20	18	18	15	26	12	14	17	22	30	22	28	15	14	10	17	15	13	22	14	15	11	19	122	105	27	35	20	12	24	23	12	19	17	17	19	28	21	34	19	17	30	33	17	15	9	13	17	14	25	17	41	33	44	30	29	17	21	32	31	26	22	25	12	17	16	37	16	16	17	23	24	28	136	167	118	142	13	13	13	17	21	9	69	33	17	21
Endogenous	Hs_SOX21	NM_007084.2	12	2	7	3	9	10	12	12	11	14	12	13	11	21	8	9	9	8	17	14	19	22	8	6	11	11	6	4	13	4	8	10	356	317	20	17	9	4	5	11	22	40	18	8	138	127	8	17	21	11	47	43	32	22	587	580	466	415	836	771	15	22	20	17	37	55	12	24	22	23	22	13	8	9	12	12	130	107	22	11	3539	2922	51	47	1535	2067	13	13	8	12	16	6	127	180	19	23
Endogenous	Hs_SOX21-BT	ENST00000438290.1	16	14	6	12	20	15	26	17	27	21	24	29	24	26	12	18	18	19	21	21	36	24	11	20	12	21	19	21	12	16	11	12	39	38	25	20	26	8	16	11	17	23	19	11	38	43	31	35	15	18	17	12	31	22	23	24	32	24	29	28	49	39	37	47	27	40	21	36	28	39	41	23	20	22	25	25	20	22	39	27	77	87	28	23	37	43	26	16	12	20	25	17	76	56	28	27
Endogenous	Hs_SOX9	ENST00000245479.1	81	73	22	21	3	5	12	15	1	5	20	16	46	87	73	64	7	9	68	82	36	43	39	51	3	7	7	4	52	56	48	35	1012	858	262	210	606	604	41	35	271	213	31	35	319	313	111	109	36	20	1795	1912	1733	1671	149	157	62	46	210	193	283	402	20	37	205	249	609	538	388	340	198	286	185	170	59	43	1089	1019	53	50	1417	1103	9	11	6	10	3176	2439	704	663	1032	1002	568	898	2896	2085
Endogenous	Hs_SOX9-BT	ENST00000412640.1	3	4	2	4	2	1	1	1	1	3	1	5	2	5	2	3	2	6	2	3	2	2	1	2	1	4	1	6	4	2	2	2	6	7	10	8	5	1	5	8	15	21	4	1	1	1	1	3	4	3	8	8	8	3	8	3	5	9	5	5	6	9	10	2	18	9	4	2	5	6	5	4	2	3	3	2	7	12	6	2	11	10	2	6	5	8	4	11	6	5	4	7	1	4	10	9
Endogenous	Hs_Sox1	NM_005986.2	6	5	8	5	5	6	9	8	7	7	7	6	9	15	9	7	3	6	8	12	11	11	10	5	8	11	6	10	9	10	8	10	176	135	12	10	8	5	12	8	14	12	11	9	14	18	10	9	12	8	3	9	114	94	6	10	20	17	9	12	15	13	22	7	15	10	10	11	12	12	12	3	4	8	7	13	10	9	13	12	7	12	10	12	15	7	16	15	10	5	8	7	14	13	9	9
Endogenous	Hs_TBX15	ENST00000369429.1	1	12	13	6	7	4	7	11	4	9	9	9	11	13	7	7	10	11	11	9	11	10	6	10	10	13	12	17	10	6	8	12	20	25	46	32	8	6	16	6	26	33	17	16	15	15	13	10	15	13	19	20	13	26	47	51	35	36	33	44	15	9	15	20	13	5	21	13	11	12	4	8	7	10	15	10	9	7	23	9	11	8	15	8	5	13	113	92	6	7	7	6	19	11	7	7
Endogenous	Hs_TBX15-US-S	ENST00000439394.1	10	7	5	2	6	4	2	5	3	5	5	4	8	7	5	5	2	6	8	7	8	6	6	2	7	11	5	4	10	5	1	2	5	6	12	17	17	14	15	8	29	36	20	15	7	15	11	9	7	7	15	23	22	20	2	4	4	4	4	2	11	17	7	5	5	8	7	11	6	4	9	11	4	3	5	8	10	8	5	8	8	8	6	7	5	6	9	12	6	10	3	4	8	5	11	9
Endogenous	Hs_TBX2	ENST00000240328.1	9	5	6	2	4	6	4	7	7	3	8	7	4	10	11	7	8	9	10	3	14	10	7	11	11	5	10	6	5	7	7	2	105	92	242	211	1113	1027	110	94	2281	2197	43	24	815	683	480	479	827	828	519	566	574	507	16	20	64	59	324	274	2228	2621	120	79	6137	7984	18	17	122	129	31	45	7	6	5	13	210	205	34	36	96	93	223	258	273	312	50	38	1810	1772	132	128	57	75	533	386
Endogenous	Hs_TBX2-BT / BCAS3-AS	ENST00000590421.1	23	15	23	12	13	11	26	19	22	27	21	30	28	28	17	16	20	17	31	27	50	25	24	13	19	24	25	17	22	18	11	23	38	24	56	55	74	60	17	29	170	165	29	10	92	92	73	74	41	46	155	130	103	81	15	16	29	19	67	58	183	213	66	62	2186	2758	32	42	63	54	36	45	23	33	34	40	79	97	98	104	63	58	61	81	53	81	57	43	76	87	66	54	107	80	84	63
Endogenous	Hs_WT1	ENST00000332351.1	12	5	84	71	75	95	10	9	38	29	13	17	4	2	16	17	1494	1740	81	70	39	34	40	48	27	40	35	44	195	165	440	415	9	12	103	115	247	243	5	6	34	36	12	11	1299	1107	3149	2804	136	173	48	51	2273	2172	42	33	26	21	36	35	7	7	17	10	8	13	70	60	6	11	2282	3454	7	5	7	10	83	79	70	49	5	6	12	19	316	404	204	162	6	9	125	119	46	53	5	3
Endogenous	Hs_WT1-AS_1	ENST00000459866.1	8	5	10	6	5	10	11	16	4	11	14	10	17	15	8	7	4	16	8	10	11	15	10	9	7	7	13	7	13	7	10	8	12	8	22	10	17	9	7	9	5	14	8	8	131	121	198	188	11	10	21	26	53	35	4	7	9	12	15	8	15	26	15	27	18	13	7	9	15	10	65	109	7	6	4	13	31	16	35	35	17	12	8	15	17	30	43	37	5	11	29	23	11	19	11	17
Endogenous	Hs_WT1-AS_2	ENST00000494911.1	6	6	11	4	7	5	12	8	7	5	3	1	11	18	6	6	7	5	10	13	13	15	10	4	7	7	13	6	6	5	2	10	12	13	70	47	48	63	32	26	49	57	30	26	515	449	1103	972	23	32	46	54	182	171	20	18	17	10	25	18	17	24	22	25	30	29	18	15	22	2	275	384	6	9	8	10	69	97	49	74	21	23	15	9	69	110	134	128	14	18	90	85	23	32	11	19
Endogenous	Hs_WT1-AS_3	ENST00000525436.1	8	16	13	14	9	13	14	16	21	16	33	16	13	13	18	10	13	13	24	23	25	14	14	13	11	11	16	15	23	16	17	15	20	27	38	44	30	16	13	13	25	24	14	21	131	106	212	228	31	21	28	39	66	65	9	12	19	14	16	14	45	37	29	27	18	15	17	23	26	28	91	118	19	13	16	30	18	18	27	23	17	20	32	33	24	32	28	34	9	16	29	21	46	32	16	33
Endogenous	Hs_ZEB1	ENST00000320985.1	1421	1378	1191	1009	211	259	193	194	639	570	714	673	756	949	1514	1400	281	299	192	185	365	361	818	796	249	312	248	220	395	383	450	491	1322	1184	1627	1490	522	492	294	247	1826	1828	2237	2244	3980	3061	1584	1457	586	653	1789	1923	1386	1280	426	378	375	321	390	424	2490	3129	130	107	22	17	710	562	22	11	15	16	12	21	7	17	458	507	15	33	247	209	398	562	317	388	1071	864	1867	1855	601	626	162	225	1053	852
Endogenous	Hs_ZEB1-BT	ENST00000450834.1	5	9	11	9	4	5	6	9	4	7	9	11	11	11	9	8	4	9	11	14	19	11	6	6	13	7	13	6	8	6	5	6	39	32	30	23	28	36	12	13	43	28	140	111	60	50	65	60	19	17	51	62	64	66	17	28	21	24	26	22	15	24	25	22	34	39	35	34	23	17	5	18	5	12	45	60	32	37	125	140	17	21	32	59	26	29	113	98	16	15	32	37	27	30	58	40
Endogenous	Hs_ZFHX4	ENST00000521891.1	340	329	26	20	7	11	139	144	28	15	13	22	500	636	379	333	14	22	341	342	118	118	402	423	8	12	10	25	89	75	76	69	216	145	45	44	36	22	193	157	20	26	38	41	656	582	150	143	15	14	203	199	470	425	39	51	77	80	525	520	211	213	34	30	19	14	73	50	40	46	226	309	22	16	59	50	359	354	67	85	306	268	234	286	12	13	474	353	225	213	257	267	57	70	123	94
Endogenous	Hs_ZFHX4-BT	ENST00000518143.1	9	10	9	4	5	3	2	4	4	6	7	11	18	13	8	11	4	2	21	11	14	8	10	15	11	8	9	10	6	6	4	6	32	32	17	10	9	3	4	6	5	10	10	7	35	34	7	14	4	8	7	14	7	11	3	6	5	9	98	120	15	9	15	15	10	8	8	2	8	7	6	12	5	7	5	7	36	25	13	14	110	78	35	48	6	8	21	23	18	13	61	55	15	3	13	9
Endogenous	Mm_BCAS3	ENSMUST00000092822.1	1092	991	664	529	514	579	349	321	491	501	423	488	656	798	779	742	254	282	247	249	206	216	329	358	715	938	414	395	1020	897	539	544	3	3	12	6	8	2	3	7	8	10	5	6	6	4	6	6	5	7	3	9	9	6	3	2	3	4	2	4	11	11	10	15	4	5	3	2	2	1	10	4	219	226	10	7	2	1	3	4	2	3	11	2	5	1	2	5	3	4	2	3	8	3	5	2
Endogenous	Mm_EMX2	ENSMUST00000062216.1	70	78	11	6	298	364	18	9	15	10	17	16	79	115	9	15	256	257	54	67	52	52	67	76	8	16	14	14	19	14	24	36	14	17	20	15	12	4	13	14	11	14	14	8	6	15	13	16	9	14	21	6	6	6	5	8	7	9	9	10	9	17	20	30	12	11	16	16	19	22	14	11	12	12	12	15	9	15	17	10	16	23	17	13	9	9	6	5	4	14	17	4	50	13	10	9
Endogenous	Mm_EMX2-OS	ENSMUST00000136990.1	49	47	6	9	205	219	1	8	10	5	5	9	93	126	6	10	151	166	44	53	30	29	49	53	9	19	6	11	15	24	21	25	8	9	12	14	11	10	16	9	12	9	12	16	18	19	10	3	11	10	18	17	7	10	3	3	3	2	8	5	13	13	7	12	5	5	10	9	5	4	5	6	11	12	5	8	2	6	6	3	10	3	5	7	3	5	5	3	6	9	7	2	8	3	6	10
Endogenous	Mm_EVX1	ENSMUST00000031787.1	10	10	10	9	6	5	10	6	8	6	7	7	11	5	15	8	7	14	11	17	17	13	12	13	9	17	11	11	6	5	8	10	6	12	23	15	16	16	5	18	26	36	15	15	22	9	25	20	24	13	17	17	6	4	2	6	9	6	4	2	7	20	17	20	11	10	15	16	8	11	11	4	12	9	5	22	11	11	9	10	8	8	12	8	9	5	6	13	10	10	7	5	19	10	6	13
Endogenous	Mm_EVX1-AS_1	ENSMUST00000125305.1	26	20	9	14	6	17	14	14	29	18	17	18	21	16	25	21	19	25	49	44	33	34	14	15	14	17	13	28	15	13	17	20	30	23	41	24	4	7	15	8	15	14	22	9	18	24	29	20	36	21	25	20	9	10	10	9	16	12	18	14	39	35	44	30	25	18	13	28	25	22	22	19	11	27	20	32	15	11	26	22	21	21	23	19	21	17	15	17	11	17	17	13	51	39	20	27
Endogenous	Mm_EVX1-AS_2	ENSMUST00000137258.1	3	10	6	10	7	3	8	9	12	5	12	1	6	5	6	8	7	8	9	7	5	6	6	6	3	9	6	4	10	2	5	4	3	3	2	3	10	5	4	12	14	9	11	3	6	4	4	4	7	8	8	14	5	3	4	3	5	4	2	2	9	9	7	12	10	5	6	6	4	6	5	11	8	9	3	2	4	5	10	3	9	2	10	4	3	3	5	2	2	2	3	2	12	9	6	8
Endogenous	Mm_FOXA2	ENSMUST00000172928.1	8	5	8	13	7	10	229	196	318	308	20	6	19	18	11	7	20	20	46	48	39	46	52	50	20	20	43	37	219	184	197	212	9	6	20	22	18	17	17	19	25	35	13	22	18	12	18	17	15	18	28	29	11	13	7	4	5	5	7	6	15	17	20	20	5	5	13	11	9	9	6	10	7	10	12	12	7	13	5	11	11	9	8	9	4	10	8	14	10	13	3	3	8	16	9	11
Endogenous	Mm_FOXA2-DT	ENSMUST00000136555.1	7	5	3	4	1	2	532	499	86	82	5	1	9	15	6	2	13	6	12	11	17	9	45	49	2	8	6	4	39	33	40	35	3	4	2	1	4	4	3	9	2	2	5	5	4	5	6	9	5	6	3	5	9	6	4	4	6	9	8	3	6	9	5	10	7	5	4	8	4	7	5	6	7	8	10	23	4	4	9	5	6	7	6	5	3	5	3	5	3	8	1	1	9	10	3	4
Endogenous	Mm_FOXP4	ENSMUST00000113263.1	199	186	72	64	72	82	64	69	192	179	248	254	139	157	138	118	83	96	540	521	261	231	171	181	411	449	118	124	766	684	474	411	3	5	7	14	10	8	7	6	6	14	8	7	8	7	7	9	5	4	7	5	2	2	9	12	11	6	11	10	13	11	7	20	10	3	4	10	6	8	12	9	245	241	7	8	14	4	9	2	7	8	10	7	4	9	4	8	10	5	9	6	7	10	7	5
Endogenous	Mm_FOXP4-BT	CUFF_24014.1	10	6	7	12	4	6	7	9	15	13	5	5	11	8	7	4	13	6	22	16	17	8	16	16	14	23	13	10	22	26	14	11	9	7	7	6	2	5	3	8	6	9	5	8	3	9	8	9	8	6	7	5	3	2	8	6	7	9	10	8	17	9	5	2	3	6	9	12	4	8	10	9	15	17	3	5	9	4	4	10	9	5	8	7	8	8	6	9	8	11	3	3	9	3	7	6
Endogenous	Mm_GATA6	ENSMUST00000047762.1	20	9	1882	1640	75	66	223	218	693	606	24	30	48	56	10	11	48	75	118	150	159	132	380	350	87	86	323	282	1544	1513	2697	2776	9	7	8	18	9	4	1	5	11	7	12	8	11	8	15	16	11	4	8	6	4	7	4	7	7	8	10	13	19	13	39	17	10	8	10	10	13	11	11	8	10	9	8	15	7	9	15	15	9	19	9	16	6	4	5	5	6	7	6	4	18	10	13	7
Endogenous	Mm_GATA6-BT	ENSMUST00000133759.1	14	8	1419	1256	62	61	180	157	226	169	18	9	62	69	11	8	21	30	55	60	50	33	147	180	18	24	47	47	301	277	456	530	21	15	17	15	11	11	9	9	12	14	7	10	8	9	14	13	13	7	8	11	9	7	24	17	29	28	28	27	17	24	20	25	8	22	13	12	13	20	17	12	6	8	8	18	7	16	13	13	18	8	6	7	10	10	13	12	20	22	15	12	19	18	9	11
Endogenous	Mm_HEXIM1	ENSMUST00000053063.1	147	172	89	74	215	252	125	121	103	100	105	100	134	162	144	178	129	113	68	61	74	79	97	105	297	319	218	212	338	293	204	226	18	18	18	19	15	8	4	8	8	12	10	10	8	19	22	7	17	7	18	17	7	12	5	5	7	7	16	10	21	11	15	30	9	9	13	14	14	20	15	15	79	78	8	12	7	8	10	9	14	13	22	12	10	10	4	8	11	12	15	9	42	21	8	14
Endogenous	Mm_HEXIM1-2-AS	AK052212.1	462	466	264	234	284	296	87	98	351	318	442	462	590	733	138	133	180	160	228	234	101	98	324	297	119	135	153	142	269	248	166	161	9	7	10	20	15	13	9	9	25	21	12	13	18	18	15	14	13	14	18	14	8	9	3	9	5	9	7	4	15	26	5	10	10	9	7	13	16	8	15	15	76	81	7	8	8	11	6	10	10	7	10	5	6	6	11	11	7	5	6	3	18	10	9	11
Endogenous	Mm_HEXIM2	ENSMUST00000150275.1	470	494	111	94	124	160	87	65	80	83	151	127	405	445	555	498	60	49	153	154	241	225	184	186	269	352	253	234	280	193	182	160	29	11	18	26	21	14	12	15	14	35	18	15	31	24	20	21	23	18	21	25	16	8	7	11	10	6	14	11	26	22	32	45	18	8	12	18	14	19	22	20	65	63	5	25	9	11	17	21	16	13	22	7	8	17	13	9	7	15	9	7	27	24	13	14
Endogenous	Mm_HIC1	ENSMUST00000055619.1	4	8	4	3	4	8	4	5	9	9	5	9	8	15	7	4	14	8	10	15	6	6	9	9	4	9	7	8	7	8	5	6	15	16	37	18	32	33	30	36	69	71	42	39	24	41	24	37	29	28	30	43	14	12	5	4	6	5	11	6	17	7	12	17	7	8	16	14	3	7	12	16	7	16	10	2	27	19	8	15	16	20	7	7	3	8	23	16	16	10	3	5	12	10	8	13
Endogenous	Mm_HIC1-US-AS	ENSMUST00000134252.1	658	703	13	9	12	7	10	10	23	9	12	17	51	51	42	46	14	17	12	6	11	17	15	17	7	8	11	10	15	6	10	6	5	5	10	8	3	3	5	8	8	7	8	9	8	5	10	3	7	15	10	16	4	8	4	1	9	4	6	7	2	13	10	7	10	4	10	5	8	11	4	1	18	27	4	10	4	2	9	6	6	5	9	5	9	6	3	4	3	5	4	4	20	4	3	2
Endogenous	Mm_HMGA2	ENSMUST00000072777.1	9	7	7	5	4	8	5	10	4	4	7	7	3	8	10	9	12	9	77	54	24	15	20	18	16	23	9	21	57	61	63	45	11	8	15	8	13	14	11	13	29	23	12	18	17	18	13	13	12	7	26	17	3	7	3	1	8	5	11	5	9	20	20	5	10	6	9	12	5	4	10	9	116	108	3	13	8	6	6	9	11	9	12	11	4	5	3	1	7	8	3	6	18	8	7	7
Endogenous	Mm_HMGA2-AS	ENSMUST00000041178.1	7	4	5	4	16	24	10	5	10	8	8	5	14	26	9	6	3	5	32	41	24	24	60	69	10	12	15	17	30	23	17	14	9	8	20	6	7	8	3	7	5	9	5	1	6	11	4	13	8	4	8	6	12	6	11	14	10	9	5	12	9	17	15	2	3	8	9	5	7	6	6	8	4	2	7	17	5	7	9	2	9	9	8	5	7	9	6	7	10	11	11	8	8	10	8	5
Endogenous	Mm_HNF1A	NM_009327.3	10	8	6	9	821	869	439	431	7	4	9	24	13	21	5	3	8	5	48	49	63	60	76	77	36	61	21	17	14	16	10	15	9	8	8	13	1	5	9	27	22	14	12	11	11	14	10	7	13	8	14	12	7	7	3	4	2	2	2	4	7	7	17	27	2	2	8	11	9	3	10	4	12	21	3	12	11	5	8	4	5	6	6	6	7	4	3	6	5	4	3	3	5	10	3	5
Endogenous	Mm_HNF1A-BT-1	ENSMUST00000129609.1	14	15	13	14	140	179	103	99	23	17	22	13	14	18	11	10	19	11	28	31	30	21	18	21	15	7	14	21	22	10	10	15	27	25	20	23	14	5	11	14	9	12	15	11	18	22	14	16	20	13	25	19	8	16	5	13	11	10	18	9	17	26	25	20	9	5	9	19	24	22	17	16	22	20	12	25	9	5	22	19	19	27	24	13	14	14	9	17	11	13	17	7	39	24	17	19
Endogenous	Mm_HNF1A-BT-2	ENSMUST00000131845.1	10	9	3	10	184	205	173	164	7	5	9	10	13	11	10	9	9	2	13	5	13	14	22	18	13	11	6	7	8	16	6	12	6	5	10	6	9	2	5	7	11	14	9	1	1	7	6	13	8	6	10	8	8	4	3	4	2	6	4	1	7	17	10	10	4	5	4	5	9	6	6	3	9	10	8	8	3	5	9	5	6	7	5	8	6	1	8	2	5	7	7	3	14	1	6	5
Endogenous	Mm_HNF4A-BT_1	ENSMUST00000018094.1	5	4	5	3	4472	5088	3167	2959	7	5	5	5	29	28	3	4	17	22	134	140	170	184	296	291	12	16	17	12	10	6	21	10	2	6	12	10	96	77	94	76	5	5	7	3	6	8	7	6	9	10	7	12	4	1	4	4	6	4	7	5	9	9	12	10	2	5	4	5	1	4	1	3	4	7	3	8	8	4	4	6	8	6	6	8	4	4	1	5	1	1	3	2	27	29	211	158
Endogenous	Mm_HNF4A-BT_2	ENSMUST00000128896.1	11	7	9	4	165	190	118	103	10	12	9	12	13	10	9	8	10	11	24	15	17	21	22	20	15	8	9	10	10	3	5	10	14	13	15	22	8	2	4	12	14	14	5	6	14	22	10	27	19	14	25	12	7	8	5	7	7	12	15	6	13	20	15	17	13	10	6	15	13	20	20	6	11	10	16	18	8	4	14	8	11	7	16	12	10	6	6	8	5	9	15	8	18	30	10	19
Endogenous	Mm_HOTAIRM1	ENSMUST00000132559.1	19	19	16	14	30	38	30	17	48	40	34	29	17	20	41	31	27	22	38	43	47	15	18	22	20	21	62	84	212	219	108	104	27	26	38	23	9	16	19	28	20	31	19	11	31	27	22	31	24	22	23	47	12	15	10	12	16	9	28	16	28	46	49	45	22	23	15	27	35	29	34	15	52	53	27	37	11	18	28	22	25	15	26	28	15	23	14	15	15	14	22	8	64	33	24	30
Endogenous	Mm_HOTTIP	ENSMUST00000141300.1	11	1	5	6	5	8	7	8	7	7	5	9	4	11	8	8	4	6	11	8	11	13	11	13	11	7	8	6	14	14	5	6	8	6	8	8	9	9	4	4	9	2	7	6	10	3	8	9	3	6	8	12	4	7	5	1	6	6	7	9	19	15	20	20	4	7	5	10	8	9	6	6	8	14	11	2	7	1	5	7	9	2	11	6	6	4	3	7	5	11	4	6	7	6	5	5
Endogenous	Mm_HOXA1	ENSMUST00000120363.1	15	9	7	10	16	18	9	8	17	19	25	9	13	10	21	25	18	22	23	22	19	21	24	17	39	46	750	812	3140	2751	909	953	6	9	8	15	4	2	9	13	14	10	12	3	8	15	8	13	7	10	10	2	7	13	5	6	9	9	7	8	22	11	15	10	10	7	8	9	11	14	10	12	77	84	11	23	4	4	15	9	14	13	10	13	3	8	4	5	8	3	5	6	11	16	7	13
Endogenous	Mm_HOXA11	ENSMUST00000048026.1	5	9	4	3	10	8	4	7	5	9	16	4	9	11	14	7	105	114	12	17	16	12	14	10	11	15	6	10	14	17	11	13	12	12	17	9	14	9	8	13	14	10	12	8	35	33	4	13	20	15	25	22	8	4	16	20	17	13	21	20	17	11	32	12	24	32	22	14	26	9	14	15	9	12	11	8	31	20	23	16	12	20	15	12	32	40	51	36	6	11	21	19	15	16	23	15
Endogenous	Mm_HOXA11AS	ENSMUST00000134512.1	7	9	3	7	21	13	9	7	12	8	1	7	10	7	10	9	125	130	78	85	27	26	25	19	11	5	6	8	16	19	8	7	18	12	18	23	12	15	7	14	9	9	7	10	206	159	8	11	25	15	286	304	12	7	14	12	15	22	27	19	28	20	22	30	42	36	12	11	29	18	18	16	8	9	35	35	190	187	73	74	21	14	20	18	22	35	110	74	14	15	21	21	26	28	20	26
Endogenous	Mm_HOXA13	ENSMUST00000173368.1	11	6	6	3	7	5	6	3	5	5	5	1	5	7	5	16	8	6	50	48	24	25	61	47	48	44	13	19	29	32	52	52	11	15	8	9	5	8	9	12	6	10	12	5	101	84	10	14	15	24	39	36	13	10	24	25	18	14	20	24	22	17	20	20	16	13	7	8	17	11	15	20	13	17	14	22	45	39	15	14	6	7	8	12	6	7	16	12	16	15	15	14	22	11	13	9
Endogenous	Mm_HOXA5	ENSMUST00000048794.1	37	36	26	22	247	276	10	11	71	58	26	20	12	20	582	545	42	41	120	137	58	71	111	118	14	12	310	274	524	460	329	328	6	14	23	8	161	175	8	9	100	78	19	21	138	121	126	95	13	11	182	244	61	62	7	11	92	102	529	541	65	115	29	42	25	36	21	10	26	12	169	234	402	439	138	100	34	10	165	146	56	50	82	88	40	48	62	39	35	26	80	78	58	85	74	46
Endogenous	Mm_HOXA5-6-AS (and HOXA3 bidir)	ENSMUST00000131502.1	19	24	18	16	12	19	23	28	35	32	41	18	25	43	19	18	36	27	54	40	39	19	29	21	25	20	20	17	63	66	71	71	15	45	37	40	20	13	17	16	15	24	29	18	25	20	35	34	28	22	23	23	21	22	9	16	15	24	22	19	45	41	52	42	23	23	25	30	49	42	45	25	24	24	20	40	25	18	26	21	27	27	25	32	24	22	13	18	10	22	24	14	70	46	21	29
Endogenous	Mm_HOXA6	ENSMUST00000062829.1	24	20	15	18	186	238	2	4	48	46	13	11	6	10	491	448	35	16	110	119	35	24	79	83	2	7	50	52	103	107	111	94	6	5	10	5	7	5	4	7	5	10	7	3	3	5	10	1	11	10	6	16	7	2	2	1	4	3	7	4	6	11	15	5	2	3	4	6	6	2	9	3	352	337	4	12	2	3	8	5	6	3	8	7	3	4	3	5	3	1	4	3	8	6	2	2
Endogenous	Mm_HOXA7	ENSMUST00000048715.1	20	11	19	30	102	126	30	20	33	47	28	38	28	34	166	125	29	16	45	34	52	33	41	24	25	24	56	50	68	40	63	65	29	23	56	26	73	88	17	22	46	43	38	29	47	49	66	74	32	29	46	76	48	33	20	25	43	39	70	56	62	74	64	40	40	16	25	35	43	32	82	62	35	56	31	43	21	19	44	28	27	29	50	50	36	38	87	48	38	43	74	74	74	68	58	66
Endogenous	Mm_HOXB3	ENSMUST00000055334.1	11	11	4	2	26	19	6	5	12	11	7	7	4	8	44	29	7	14	36	26	17	11	19	18	9	4	19	30	83	83	63	71	5	3	3	1	4	1	3	1	2	3	7	5	3	3	3	4	4	1	6	2	1	7	4	4	1	4	7	2	6	13	5	15	3	2	3	5	4	7	1	2	3	6	4	5	4	4	4	3	5	8	9	5	6	3	5	2	3	2	4	1	5	1	2	4
Endogenous	Mm_HOXB5	ENSMUST00000049272.1	9	9	11	6	200	225	4	8	9	6	5	9	9	7	58	68	78	89	56	49	20	15	58	64	7	4	15	12	30	26	30	40	9	11	23	8	2	5	12	7	11	16	7	3	4	18	13	6	8	4	7	6	3	4	3	7	3	6	11	5	17	9	12	7	3	4	2	9	6	3	6	4	11	12	8	12	9	4	12	3	8	10	9	8	10	9	2	11	4	5	7	6	11	11	6	6
Endogenous	Mm_HOXB5-6AS	ENSMUST00000150698.1	11	6	13	9	259	262	8	8	23	24	9	11	6	10	50	50	19	19	64	63	20	32	28	29	8	7	9	28	277	332	178	182	15	9	15	5	7	5	9	14	5	14	12	7	13	11	15	10	16	13	4	11	8	12	12	17	14	11	11	12	21	20	22	32	10	4	4	11	10	18	9	17	3	6	11	17	7	9	10	9	12	9	8	12	8	9	7	5	11	8	15	15	18	13	7	12
Endogenous	Mm_HOXB6	ENSMUST00000000704.1	4	3	1	1	9	17	4	2	3	1	8	1	4	2	15	26	8	8	8	9	5	2	7	6	4	1	1	6	4	3	6	4	8	2	2	1	8	7	1	5	2	2	5	1	10	7	4	6	1	3	4	6	3	3	2	4	3	1	3	3	6	4	10	2	9	2	2	5	15	3	4	1	1	2	1	2	2	3	4	3	1	2	6	7	6	5	12	8	1	1	6	3	19	9	2	3
Endogenous	Mm_HOXB7	ENSMUST00000049352.1	11	10	7	6	81	94	4	9	9	10	11	10	9	15	47	42	26	28	67	85	33	28	21	41	10	15	32	36	132	117	68	60	20	9	27	6	9	9	5	6	17	9	12	3	10	9	8	9	8	8	11	20	7	10	5	3	4	4	4	7	9	11	29	27	9	7	10	6	7	9	15	8	12	9	1	8	5	6	8	5	3	3	7	11	3	11	5	3	3	7	4	4	15	9	4	4
Endogenous	Mm_HOXD1	ENSMUST00000047793.1	1	1	1	3	3	1	1	1	2	1	4	6	3	5	5	2	3	5	6	6	3	10	6	4	2	1	5	3	6	12	5	9	9	4	2	6	2	5	1	2	3	7	5	2	8	1	6	3	3	6	4	3	4	1	7	8	4	4	8	9	7	9	2	7	3	4	5	5	7	8	2	6	3	3	1	5	7	4	3	2	5	12	2	4	6	8	3	5	3	8	5	5	5	6	7	4
Endogenous	Mm_HOXD1-BDIR / HOXD3-US-AS	TCONS_00213283.1	6	5	2	9	9	9	4	2	5	8	8	4	10	10	12	14	10	3	14	12	9	8	10	8	13	5	13	12	25	28	15	15	5	13	22	9	4	11	11	13	8	16	13	9	11	12	20	16	13	18	8	19	8	16	11	16	17	17	6	13	13	26	20	22	10	14	7	9	13	11	10	13	13	19	16	13	16	14	19	9	12	6	17	16	6	7	8	14	11	15	14	9	14	27	7	14
Endogenous	Mm_HOXD3	ENSMUST00000053932.1	13	11	34	13	241	271	7	6	19	7	14	13	13	15	179	189	316	335	151	165	47	41	106	104	14	5	13	10	134	123	137	144	11	8	15	22	17	13	9	23	6	9	7	6	24	15	10	14	16	13	10	17	9	16	22	28	29	21	32	23	24	7	25	15	20	18	9	7	12	15	27	18	19	22	11	18	10	9	18	16	18	12	6	11	6	13	5	9	12	18	15	10	28	15	15	12
Endogenous	Mm_HoxB3-BT	TCONS_00064524.1	6	5	7	11	12	9	8	3	7	10	14	4	7	7	11	10	6	5	8	5	11	7	8	8	2	13	10	10	14	2	10	8	9	3	5	8	5	6	3	5	6	10	5	9	7	4	4	4	4	3	7	5	5	7	3	5	5	4	8	8	17	15	2	5	1	2	4	4	6	6	2	11	7	14	7	2	5	3	3	5	3	8	2	7	3	8	4	5	3	3	2	4	14	4	6	2
Endogenous	Mm_ID4	ENSMUST00000021810.1	5705	5622	163	140	1967	2207	103	90	425	384	173	188	1461	1716	6082	5598	204	199	802	882	569	695	1644	1765	148	211	99	103	276	261	428	419	9	13	13	15	12	9	13	4	11	16	13	7	15	7	11	11	5	6	10	16	11	10	13	23	28	13	10	18	13	11	22	35	19	8	10	14	9	12	10	11	42	53	12	8	11	12	13	13	19	10	9	15	10	10	14	12	14	12	15	15	19	16	16	15
Endogenous	Mm_ID4-BT	ENSMUST00000143259.1	32	30	9	11	56	65	11	6	8	6	11	9	24	23	58	52	4	9	9	13	9	14	12	12	6	4	10	8	6	7	5	7	8	7	15	9	13	6	4	8	15	24	11	18	10	12	7	6	8	14	15	8	7	7	5	4	4	3	5	5	11	7	5	15	10	8	14	11	8	2	10	10	12	8	3	7	5	6	14	10	9	16	11	11	3	8	4	5	3	11	5	3	11	11	9	6
Endogenous	Mm_KDM2B	ENSMUST00000046073.1	131	118	41	43	48	48	73	49	45	64	142	130	88	110	61	55	35	28	84	67	68	46	72	50	359	417	136	116	391	356	204	198	47	32	27	28	20	20	13	14	37	43	57	76	47	54	29	34	25	17	40	34	37	34	170	159	97	109	35	35	43	39	42	40	54	63	29	29	30	42	36	49	84	73	27	47	35	19	54	32	32	24	69	66	28	38	28	28	25	26	37	20	37	46	25	25
Endogenous	Mm_KDM2B-BT	XR_005251.1	56	48	17	10	10	14	20	11	37	31	56	50	58	80	21	23	12	19	25	24	27	22	29	25	48	93	32	43	168	150	64	56	15	13	22	12	9	10	5	7	12	10	20	13	10	26	15	20	16	21	17	5	11	10	8	11	10	8	14	15	11	13	17	15	14	9	13	33	17	17	20	9	14	28	3	23	8	6	22	17	18	19	25	23	6	10	4	9	5	11	10	7	37	18	7	17
Endogenous	Mm_LHX1	ENSMUST00000018842.1	188	163	11	12	211	252	11	17	20	21	20	17	42	72	93	78	26	16	112	119	42	41	58	57	12	17	13	18	61	53	30	28	14	17	35	24	16	6	1	19	11	16	13	16	15	19	20	18	31	21	23	19	15	10	11	11	10	5	12	13	30	24	27	37	15	11	16	31	18	26	11	11	19	17	15	30	13	11	22	20	27	15	24	13	16	11	11	8	5	14	16	13	53	27	15	16
Endogenous	Mm_LHX1-BT	ENSMUST00000128121.1	513	481	16	4	574	703	8	9	4	6	4	7	62	82	407	385	10	8	205	193	46	54	56	58	7	15	8	8	46	50	24	26	6	4	5	6	9	5	7	6	12	9	6	1	1	4	3	3	7	3	14	9	3	4	2	4	3	3	9	7	17	4	2	10	3	5	6	2	4	2	5	7	4	12	1	7	2	8	5	3	6	9	6	2	3	2	6	3	4	7	2	3	11	1	5	9
Endogenous	Mm_LHX8	ENSMUST00000029852.1	46	29	6	4	6	3	5	6	5	7	7	4	4	5	6	4	7	6	43	57	36	36	29	35	4	5	6	10	37	21	7	5	6	7	12	4	14	9	11	9	9	7	5	7	6	8	4	10	4	7	10	8	8	1	13	21	26	20	14	16	11	20	17	12	16	13	9	9	14	7	14	12	3	7	5	25	12	12	10	4	11	9	10	8	10	10	11	6	10	14	13	10	19	5	12	12
Endogenous	Mm_LHX8-BT	ENSMUST00000177201.1	8	6	5	5	6	6	4	8	4	7	9	2	8	3	11	1	13	9	18	17	3	4	9	9	2	11	7	17	6	8	7	6	8	6	8	3	7	2	4	2	6	7	6	7	10	9	3	3	9	11	12	5	4	6	4	7	5	2	7	5	7	9	7	7	3	4	3	7	4	9	2	2	4	7	5	8	1	4	6	5	6	7	6	8	3	7	6	3	4	7	1	2	16	9	7	7
Endogenous	Mm_LMX1B	ENSMUST00000041730.1	23	13	9	7	15	26	5	10	7	5	12	7	68	80	74	83	6	8	94	84	42	33	23	28	5	15	18	8	54	45	26	23	15	9	3	8	12	5	5	9	5	16	5	8	3	14	6	10	4	3	8	9	8	7	1	4	10	10	3	9	15	7	20	17	8	7	7	10	8	9	6	4	9	10	1	12	4	9	10	9	7	9	6	9	8	8	6	5	7	11	8	5	15	14	4	12
Endogenous	Mm_LMX1B-BT	ENSMUST00000152118.1	41	31	7	8	20	16	8	8	5	8	5	12	97	121	187	131	3	6	229	191	94	93	67	70	5	12	10	6	37	28	10	9	15	9	10	4	9	8	9	12	3	19	7	8	14	12	10	11	9	1	3	6	6	3	3	4	3	2	7	6	4	7	12	12	7	2	9	5	4	6	2	4	5	9	3	10	3	1	1	4	3	6	8	9	3	6	3	1	1	8	2	4	8	6	4	4
Endogenous	Mm_MEF2C	ENSMUST00000005722.1	153	136	8	9	9	5	12	10	10	7	7	10	55	75	4	7	10	9	8	15	17	12	30	30	9	7	5	8	4	7	5	6	53	56	40	23	85	95	24	19	54	80	74	87	217	155	153	116	56	68	133	147	61	47	31	26	26	33	55	65	24	24	81	60	51	53	17	14	48	33	33	38	8	7	16	20	32	27	49	43	18	19	25	42	28	28	37	28	14	29	29	25	30	56	70	53
Endogenous	Mm_MEF2C-US-AS	ENSMUST00000171323.1	16	14	6	7	7	5	4	4	5	5	8	4	29	28	14	8	7	6	14	8	9	13	8	6	8	7	7	14	8	4	2	8	15	14	18	14	7	10	11	8	8	12	8	8	17	9	11	11	5	10	18	9	6	6	19	18	15	11	13	13	24	13	22	12	10	8	10	6	10	14	14	12	9	10	8	28	4	18	19	8	17	19	14	7	9	9	15	14	10	9	12	10	22	11	8	11
Endogenous	Mm_MEF2C-US-S	ENSMUST00000131907.1	440	423	9	9	16	16	15	14	5	17	32	27	89	119	120	110	10	14	118	115	107	97	100	78	21	13	14	17	21	20	13	20	5	23	32	24	15	7	11	14	11	10	11	11	17	22	22	18	12	7	12	17	9	15	5	9	11	9	11	14	21	22	25	25	15	9	13	22	32	18	16	20	31	43	10	28	12	9	18	18	19	24	16	16	12	12	11	9	7	10	15	10	41	19	14	16
Endogenous	Mm_MEIS1	ENSMUST00000102878.1	1090	955	975	856	412	471	182	178	1419	1155	146	182	2375	2846	785	655	1245	1268	1058	1072	579	602	1262	1286	43	58	118	94	3024	2950	3706	3634	92	75	146	143	149	143	25	33	605	528	48	43	1906	1731	1303	1258	186	165	504	603	214	175	37	33	334	356	882	915	507	486	187	189	171	211	7	11	27	31	637	987	323	292	16	30	25	32	53	49	73	63	8	14	5	8	286	238	313	298	39	33	19	42	103	86
Endogenous	Mm_MEIS1-AS	ENSMUST00000152073.1	14	13	12	15	8	11	9	11	35	16	26	13	22	29	12	15	12	19	16	24	20	10	15	13	6	9	6	8	15	13	12	15	18	20	18	12	7	8	9	9	11	16	13	8	11	23	17	16	20	8	21	25	14	18	9	7	10	11	16	3	22	24	29	25	10	10	14	18	16	18	15	13	14	12	5	23	8	7	19	19	15	17	9	22	13	16	4	11	9	10	8	8	31	18	10	16
Endogenous	Mm_MLL3	ENSMUST00000045291.1	1619	1646	1114	930	904	1057	506	437	671	539	1103	1109	2018	2490	966	882	476	423	169	176	173	178	771	841	833	1112	853	833	1361	1239	789	901	18	18	15	10	12	7	15	13	15	7	33	19	18	16	17	14	9	18	18	11	8	1	21	15	18	20	22	12	15	9	7	15	10	12	29	28	20	25	11	23	355	321	12	23	14	15	15	18	18	16	25	22	28	28	23	20	28	30	14	15	18	5	13	10
Endogenous	Mm_MLL3-BT	ENSMUST00000168102.1	203	190	130	112	100	111	51	58	47	45	51	55	225	304	68	65	29	34	10	12	13	11	60	68	48	81	36	37	49	53	31	23	9	13	5	10	3	7	4	8	17	14	15	9	6	5	10	9	11	7	12	14	12	9	11	16	29	17	16	18	19	17	27	20	9	10	5	9	12	11	15	13	15	10	12	10	13	9	12	13	16	15	8	11	8	14	9	7	10	16	11	12	22	10	5	17
Endogenous	Mm_MLL5	ENSMUST00000094962.1	932	840	560	529	587	693	249	263	482	399	456	456	1089	1322	383	407	260	310	182	195	164	158	474	488	95	122	128	127	435	424	359	391	3	16	15	27	11	5	4	7	14	12	14	19	17	14	8	21	19	13	18	25	9	13	8	11	7	9	8	15	11	7	15	17	12	6	10	10	13	11	15	11	459	410	3	12	7	10	8	7	12	6	12	6	12	21	9	12	10	15	6	10	18	9	9	7
Endogenous	Mm_MLL5-BT	ENSMUST00000101522.1	1691	1616	1384	1223	1313	1441	653	600	853	756	940	966	2310	2838	454	423	442	513	300	310	217	214	1048	1099	391	551	355	337	1022	883	551	591	20	16	20	9	5	7	12	14	11	21	17	11	13	20	15	20	13	13	14	22	16	12	8	7	13	11	14	5	24	22	22	10	11	7	10	25	13	15	18	13	338	309	11	25	9	10	26	15	19	16	18	19	7	5	6	8	11	8	15	12	58	34	6	7
Endogenous	Mm_NR2F1	ENSMUST00000091458.1	109	102	11	13	2	5	6	10	11	7	12	10	32	38	49	46	7	16	39	41	14	23	41	35	7	12	4	6	27	26	27	24	9	6	20	12	23	23	26	15	40	35	24	29	24	11	39	14	17	18	19	22	11	10	4	3	4	3	8	9	7	24	10	17	11	9	16	11	7	9	4	12	27	27	12	3	15	7	6	5	16	10	10	9	3	2	11	6	11	11	3	3	12	6	6	7
Endogenous	Mm_NR2F1-BT	ENSMUST00000123998.1	1161	1063	119	88	38	54	27	26	25	19	18	12	264	324	434	441	40	47	67	72	50	42	169	200	6	8	7	10	91	80	112	85	11	13	20	14	9	9	15	8	11	16	14	3	10	14	4	14	7	10	15	19	4	10	14	18	24	14	13	12	26	13	27	22	8	16	3	8	13	9	26	20	196	198	12	18	13	12	26	14	12	17	15	8	8	10	16	8	13	12	13	10	22	16	9	15
Endogenous	Mm_NR2F2	ENSMUST00000089565.1	31	29	33	23	70	105	28	25	29	27	9	6	48	61	30	15	69	71	19	25	11	26	41	28	4	5	7	7	44	33	71	71	8	7	7	10	18	8	12	5	12	10	8	6	40	23	18	20	5	14	6	14	9	6	3	4	5	4	15	12	6	13	20	25	52	45	13	19	13	10	15	12	28	27	5	15	21	7	18	18	8	12	6	7	7	15	18	13	16	14	9	10	16	20	13	12
Endogenous	Mm_NR2F2-BT	NR_045850.1	59	75	53	52	115	175	32	22	74	46	12	12	68	92	24	19	66	45	50	52	20	20	69	69	6	12	4	11	11	11	25	22	11	7	15	14	49	34	15	13	56	40	11	9	172	119	119	122	16	20	40	33	24	24	8	6	15	17	75	80	22	39	20	25	35	54	22	16	17	9	18	15	7	13	5	15	18	19	27	16	5	19	11	8	10	15	33	31	14	17	19	17	23	15	17	15
Endogenous	Mm_NR2F2-DS-S	AK049871.1	32	21	15	14	27	30	17	14	26	28	25	18	33	52	23	12	49	45	36	23	36	22	22	20	14	17	10	19	20	15	14	8	32	21	33	20	20	9	9	8	9	24	28	13	22	20	28	17	21	21	29	19	19	13	9	13	13	13	16	13	28	41	29	45	13	12	17	24	19	32	22	20	17	26	22	35	19	16	39	22	15	28	19	27	12	16	13	8	13	15	17	11	47	35	17	24
Endogenous	Mm_POU2F2	ENSMUST00000108416.1	38	42	13	16	17	10	11	16	42	44	18	29	40	43	21	22	4	22	27	28	14	14	30	20	24	35	39	39	22	22	7	10	3	14	22	20	15	13	7	19	8	17	18	8	19	22	10	7	16	18	12	17	13	8	34	33	39	39	38	33	22	37	5	20	14	16	10	17	21	12	14	27	15	12	14	23	13	24	14	16	12	13	10	16	9	13	17	9	27	23	27	19	19	19	15	12
Endogenous	Mm_POU2F2-US-AS	ENSMUST00000098678.1	15	17	11	23	12	14	22	24	20	26	32	23	16	23	27	35	26	25	179	171	64	71	30	33	38	56	38	47	18	16	13	16	20	19	41	20	16	8	9	22	23	28	23	13	19	30	18	34	33	14	22	23	13	17	15	11	17	10	18	14	45	30	42	20	9	15	16	18	25	30	20	19	18	23	25	32	16	17	36	20	24	26	23	27	17	12	14	18	10	23	17	19	58	23	18	24
Endogenous	Mm_POU3F3	ENSMUST00000054883.1	1736	1703	7	3	1474	1623	4	6	10	16	7	13	179	226	1618	1400	4	3	251	294	171	201	370	351	17	13	21	17	67	67	55	55	6	11	5	8	3	3	4	8	11	7	10	6	6	5	1	7	7	8	7	9	6	4	4	6	8	9	4	12	9	22	20	15	8	5	7	6	5	11	11	1	8	13	10	10	3	3	12	8	6	8	5	5	3	9	9	5	7	5	5	2	12	5	9	4
Endogenous	Mm_POU3F3-BT	ENSMUST00000181725.1	1678	1547	6	7	375	450	9	12	16	9	16	16	61	88	629	624	19	17	460	499	272	312	268	230	13	17	9	11	21	28	17	27	15	9	25	14	16	10	5	2	14	19	6	9	11	15	20	11	8	11	17	9	8	7	5	5	8	12	14	15	17	22	22	10	8	8	11	13	11	9	15	13	15	9	11	15	9	9	10	10	11	16	8	11	13	11	6	6	9	11	8	4	16	9	4	16
Endogenous	Mm_POU3F3-DS-AS	ENSMUST00000180589.1	38	44	8	9	53	66	1	7	13	5	4	9	8	13	36	30	7	17	18	23	17	7	6	6	11	11	12	3	8	8	3	10	5	5	10	4	4	5	5	1	12	7	9	9	4	8	3	16	4	10	6	6	3	1	1	2	5	4	3	4	13	11	5	2	2	4	4	4	5	6	2	7	2	5	1	3	5	3	6	5	7	5	6	4	4	4	6	5	2	1	7	1	7	6	6	7
Endogenous	Mm_POU3F3-US-S_1	TCONS_00006296.1	193	176	6	4	60	55	7	5	4	2	5	1	24	10	80	85	9	6	40	44	22	29	39	32	9	7	5	10	6	6	8	10	5	5	3	6	5	7	4	9	11	9	10	6	3	9	6	9	5	10	11	8	6	2	3	3	4	2	3	7	13	13	17	15	7	5	4	6	5	4	5	8	9	7	7	7	7	3	4	6	6	1	5	8	3	4	3	3	4	5	2	1	4	8	6	7
Endogenous	Mm_POU3F3-US-S_2	TCONS_00006296.1	531	521	6	9	529	623	7	12	12	12	9	6	98	131	376	355	10	14	188	213	108	87	147	156	6	12	11	8	46	42	21	23	6	14	25	15	11	2	7	11	12	12	13	6	13	15	4	13	25	13	14	9	5	8	5	9	5	6	13	6	17	15	12	17	9	8	10	11	15	12	11	8	8	23	7	12	10	5	15	17	6	7	15	14	7	9	6	6	5	7	11	6	34	16	9	16
Endogenous	Mm_SATB2	ENSMUST00000114415.1	416	373	9	10	139	161	9	9	21	17	9	11	28	47	20	14	23	27	41	54	66	97	221	210	55	72	70	58	225	213	117	135	63	52	25	22	21	18	17	18	8	7	6	7	18	22	6	17	9	10	18	17	17	12	21	31	26	21	15	17	28	39	25	30	24	13	16	14	18	10	16	13	85	66	15	18	18	10	22	14	10	10	15	13	11	6	23	13	21	18	19	24	19	15	39	28
Endogenous	Mm_SATB2-AS	ENSMUST00000135238.1	95	82	4	9	15	16	7	7	10	8	11	12	14	23	5	9	13	13	11	8	19	11	15	17	7	7	9	10	16	15	10	10	17	13	18	9	3	6	17	16	11	21	7	18	13	22	15	13	20	13	19	23	12	16	10	18	21	18	13	18	26	35	20	17	10	9	9	15	13	13	18	16	10	15	15	20	9	11	12	13	19	14	17	15	9	11	11	9	12	14	11	9	23	15	4	11
Endogenous	Mm_SETD1B	ENSMUST00000056053.1	418	361	228	225	233	215	127	133	329	304	419	438	399	543	202	203	262	274	349	335	283	268	305	288	356	405	154	160	398	354	356	353	8	6	25	18	16	13	9	18	28	29	19	14	18	14	14	10	12	15	23	25	12	15	4	5	10	10	7	8	17	22	12	17	8	8	9	12	12	12	10	12	259	199	14	7	10	20	15	15	10	13	14	14	6	8	8	11	10	13	7	8	16	14	15	7
Endogenous	Mm_SETD1B-BT	ENSMUST00000160255.1	57	52	27	14	32	34	26	9	33	25	24	24	60	65	18	14	18	16	14	13	20	17	21	21	9	23	12	15	17	11	16	6	12	8	13	14	18	5	8	13	5	9	8	11	8	8	8	11	20	14	17	12	6	8	18	14	18	11	9	19	21	17	20	12	16	9	9	10	8	9	21	12	13	21	11	10	8	8	15	11	9	10	8	12	9	12	6	15	12	12	11	8	20	8	19	10
Endogenous	Mm_SOX1-OT_1	ENSMUST00000080795.1	41	16	2	3	1	6	7	4	2	5	9	1	26	31	4	9	3	3	10	10	5	18	16	11	2	7	4	6	7	5	5	2	2	5	2	3	9	2	4	5	3	2	6	3	6	1	1	7	8	6	3	6	3	1	3	4	3	2	5	4	7	7	10	2	4	2	2	8	3	4	6	1	5	3	7	5	1	6	4	4	5	7	11	7	5	1	1	1	5	3	2	3	3	3	4	5
Endogenous	Mm_SOX1-OT_2	CUFF_121854.1	47	30	6	9	13	3	12	6	9	7	11	10	66	95	6	10	8	6	20	14	25	10	29	22	5	11	6	11	3	3	7	9	12	9	13	12	14	5	5	11	5	12	13	3	13	9	14	18	13	10	12	11	1	8	7	8	15	8	11	9	24	11	12	7	7	9	14	14	15	17	16	15	10	10	10	17	10	7	17	10	17	16	16	12	6	11	4	6	7	9	10	6	19	23	10	10
Endogenous	Mm_SOX2	NM_011443.3	890	831	18	14	7	12	14	16	154	153	18	16	356	456	839	747	9	16	155	169	115	106	178	199	7587	9730	3171	3161	3433	2901	218	236	15	13	15	17	11	6	12	12	19	9	17	6	17	22	17	28	21	13	15	23	12	4	8	8	9	6	13	11	11	30	27	17	15	11	10	14	19	15	20	11	9	20	11	27	11	8	15	13	11	22	14	19	8	12	9	13	9	17	9	9	39	30	9	19
Endogenous	Mm_SOX2-DOT	ENSMUST00000172725.1	128	144	6	10	5	10	11	8	8	9	3	9	14	15	29	17	11	9	31	29	20	11	34	41	6	9	6	11	14	3	6	5	3	1	8	5	5	3	5	11	2	9	13	8	13	8	3	6	7	3	8	11	5	4	3	4	6	3	4	11	15	13	17	7	4	4	3	6	7	8	6	7	6	6	7	3	4	6	9	5	5	10	8	6	6	6	2	5	7	5	4	3	14	9	5	3
Endogenous	Mm_SOX2-US-AS	ENSMUST00000174440.1	24	22	11	8	6	5	8	1	7	5	5	10	15	18	22	24	11	11	4	3	14	13	5	12	5	8	4	6	5	5	5	6	29	18	18	22	22	25	19	18	15	10	24	16	14	15	11	17	15	11	15	9	21	17	69	65	83	65	65	59	36	35	22	22	22	27	10	15	14	18	27	29	5	5	18	28	33	33	13	21	25	22	16	21	14	20	27	20	35	46	37	46	19	21	24	27
Endogenous	Mm_SOX21	ENSMUST00000082178.1	19	17	5	7	3	3	7	7	5	5	4	9	14	16	22	19	7	3	23	22	17	13	10	13	13	16	8	8	15	13	7	10	11	11	10	18	9	5	15	9	12	10	8	8	13	15	6	11	16	10	12	14	3	12	16	14	14	14	18	19	19	15	15	12	10	13	10	17	24	13	10	9	13	14	15	20	10	18	27	17	10	9	14	7	5	8	13	11	7	5	14	8	16	9	12	7
Endogenous	Mm_SOX21-BT	ENSMUST00000164755.1	9	9	10	8	4	4	10	3	3	5	11	6	6	8	6	7	6	8	10	13	3	8	14	8	5	15	4	8	5	7	4	3	5	4	15	5	5	5	1	4	8	5	6	6	6	8	6	11	4	6	11	8	3	4	3	3	1	1	3	3	4	7	10	10	4	6	7	4	4	2	6	7	12	12	4	7	7	4	4	3	2	3	1	6	6	5	1	5	3	8	3	3	8	9	3	5
Endogenous	Mm_SOX2OT	ENSMUST00000163261.1	944	919	4	12	10	16	7	7	11	12	8	13	389	492	1699	1540	6	11	34	43	17	23	84	69	44	68	39	40	79	73	14	10	12	15	17	18	11	13	12	9	8	17	8	7	14	8	10	11	13	11	17	12	11	8	16	14	18	11	15	17	24	26	15	27	10	13	16	11	11	12	11	8	8	8	12	12	11	15	14	9	18	14	18	8	13	16	13	13	13	13	12	10	14	10	12	11
Endogenous	Mm_SOX9	ENSMUST00000000579.1	706	708	195	171	26	29	86	83	34	32	134	121	491	545	706	700	45	66	470	554	325	328	536	533	20	27	39	44	427	408	434	390	20	32	46	33	17	13	7	16	20	31	25	14	24	35	18	21	35	27	17	29	18	18	10	12	18	16	9	17	24	37	37	40	12	24	19	17	28	31	31	22	1213	1150	22	30	23	14	30	19	23	28	28	23	15	20	12	12	14	24	17	8	69	33	28	29
Endogenous	Mm_SOX9-BT	ENSMUST00000124028.1	21	19	18	20	9	16	28	22	19	18	24	22	24	23	10	17	17	17	31	30	39	20	29	29	7	11	13	23	17	13	11	15	23	26	25	22	20	15	13	21	15	23	24	11	31	12	34	24	35	21	19	20	16	16	14	19	22	14	20	18	41	37	27	27	24	22	15	28	35	34	23	17	20	22	34	33	14	17	34	15	19	26	27	23	17	23	22	21	20	12	23	13	49	37	21	22
Endogenous	Mm_Sox1	ENSMUST00000180353.1	202	195	9	1	13	5	12	20	14	12	13	17	71	101	114	101	12	14	99	84	63	43	38	40	82	96	58	55	85	82	13	15	5	15	2	18	7	9	7	6	17	10	9	9	17	15	10	26	13	18	8	20	14	7	8	11	7	6	17	6	21	15	15	17	14	10	11	13	18	23	16	12	12	22	11	12	10	6	17	11	8	13	12	16	8	12	10	7	8	8	10	7	45	28	6	7
Endogenous	Mm_TBX15	ENSMUST00000029462.1	28	23	14	19	9	11	12	16	24	18	16	16	604	753	16	16	13	17	48	61	91	78	252	274	17	23	13	28	49	55	141	145	26	31	28	32	10	11	114	103	20	26	17	10	15	14	11	24	16	15	25	14	32	25	23	21	21	22	28	29	9	15	10	27	15	13	22	21	24	12	18	11	111	108	14	12	24	25	19	20	29	16	18	14	15	17	64	56	6	5	13	10	24	23	149	102
Endogenous	Mm_TBX15-US-S	ENSMUST00000151606.1	17	8	7	4	4	10	9	9	14	16	13	12	21	21	13	15	13	16	27	24	24	10	15	11	11	15	11	7	16	6	8	15	21	16	22	23	13	4	1	9	6	16	13	11	13	16	10	10	15	22	23	14	14	15	9	9	8	11	12	8	19	11	7	20	10	7	15	17	25	14	16	15	9	16	11	12	9	11	17	14	19	21	17	11	15	24	6	11	3	18	13	8	46	33	13	17
Endogenous	Mm_TBX2	ENSMUST00000000095.1	11	14	26	28	47	44	12	8	115	104	12	17	40	52	10	17	17	16	55	45	38	36	28	29	15	13	7	8	24	22	38	44	17	15	35	20	35	20	11	9	102	104	14	11	54	41	35	28	35	38	58	68	20	24	11	9	4	12	18	13	62	76	22	17	289	373	12	24	13	3	18	21	17	19	14	25	13	14	19	14	17	16	16	16	24	33	13	16	32	42	15	13	47	20	21	30
Endogenous	Mm_TBX2-BT / BCAS3-AS	ENSMUST00000136117.1	14	9	37	31	75	91	14	12	99	78	12	17	84	90	13	13	12	8	27	30	28	31	43	43	7	11	9	14	22	22	38	48	6	7	3	8	1	9	4	5	5	7	10	11	10	8	10	6	11	4	15	11	3	4	3	4	7	3	5	2	9	20	7	7	9	5	4	9	5	7	11	7	9	16	3	8	5	7	8	6	1	6	7	1	3	3	5	5	3	3	4	5	11	9	5	7
Endogenous	Mm_WT1	ENSMUST00000016602.1	12	11	137	132	107	130	16	20	49	51	20	12	20	8	13	19	2411	2448	104	115	53	38	56	70	50	58	51	63	330	300	715	684	18	13	25	18	16	9	8	15	9	10	14	13	32	34	45	60	9	14	18	19	34	38	9	16	10	6	11	15	21	20	22	35	10	6	8	18	24	19	29	25	9	8	14	10	9	9	28	16	11	16	15	19	13	11	6	7	7	11	11	10	47	23	13	17
Endogenous	Mm_WT1-AS	ENSMUST00000172701.1	9	3	13	9	25	23	4	8	14	4	4	7	3	8	5	4	216	216	12	7	8	13	12	9	3	11	9	6	41	35	56	48	9	7	2	3	2	1	5	6	3	7	3	6	7	7	6	4	3	7	6	5	2	2	2	1	4	6	3	5	6	7	10	10	5	3	4	4	4	6	4	7	1	2	1	2	1	1	1	3	7	5	9	4	4	4	6	5	5	3	3	4	5	3	4	5
Endogenous	Mm_ZEB1	ENSMUST00000025081.1	922	878	757	695	146	147	129	138	401	349	358	352	441	501	1162	1020	184	172	97	116	134	126	468	430	233	288	238	213	339	314	425	440	15	11	20	26	29	33	24	29	68	50	22	37	29	30	35	18	20	27	37	36	9	12	3	3	10	4	5	9	15	33	10	22	10	8	14	19	8	7	11	8	15	22	5	12	23	24	8	7	17	16	14	13	6	12	10	15	20	8	3	4	19	8	9	11
Endogenous	Mm_ZEB1-BT	ENSMUST00000161921.1	115	90	27	35	14	18	21	25	49	21	35	34	73	64	47	31	20	28	31	17	35	29	45	28	25	21	21	26	18	23	20	19	32	20	40	24	17	22	19	16	26	31	23	22	28	39	34	27	31	21	29	39	31	27	16	22	32	19	25	24	60	39	69	52	23	16	27	27	34	28	39	28	23	37	33	68	27	28	41	25	33	27	33	43	24	21	23	25	20	36	24	17	54	52	28	30
Endogenous	Mm_ZFHX4	ENSMUST00000026284.1	545	472	28	20	19	16	237	227	26	25	11	18	759	880	562	553	16	25	416	462	138	156	582	607	15	24	21	26	108	101	92	86	15	3	20	6	9	9	8	8	9	9	7	8	10	9	7	11	11	3	14	5	6	3	6	4	7	6	10	11	19	11	15	15	5	5	4	9	4	14	12	1	27	26	8	12	8	8	6	7	3	17	9	8	8	9	6	10	7	9	3	8	18	10	9	9
Endogenous	Mm_ZFHX4-BT	ENSMUST00000128815.1	49	50	13	6	8	12	5	14	11	8	12	7	65	79	28	36	17	11	84	99	28	31	53	50	12	12	9	12	6	7	8	9	8	6	17	14	5	9	15	13	15	21	13	10	8	15	13	11	11	10	7	16	8	7	4	4	8	4	9	9	15	22	20	5	3	9	9	7	12	6	5	10	8	6	8	5	13	6	8	9	10	9	15	8	1	9	8	5	7	12	5	3	18	14	7	12